BEGIN
BEGIN_PATH_INPUT
&PATH
  string_method = 'neb',
  restart_mode = 'from_scratch',
  nstep_path = 200,
  num_of_images = 7,
  opt_scheme = 'broyden',
  CI_scheme = 'auto',
  first_last_opt = .false.,
  minimum_image = .true.,
  ds = 0.2,
  k_min = 0.1,
  k_max = 0.3,
  path_thr = 0.03,
/
END_PATH_INPUT
BEGIN_ENGINE_INPUT
&CONTROL
  etot_conv_thr =   1.0000000000d-04
  forc_conv_thr =   1.0000000000d-03
  outdir = './out/'
  prefix = 'sb2te3'
  pseudo_dir = '/data/pclancy3/yi/ONCVPseudoPack/SG15_v1.2/UPF/PBE/'
  verbosity = 'high'
  max_seconds = 171000
/
&SYSTEM
  vdw_corr = 'DFT-D3' !
  degauss =   1.4699723600d-02
  ecutrho =   200
  ecutwfc =   50
  ibrav = 0 !A =    4.30392
  nat = 61 ! interstitial
  ntyp = 3 ! Cr added
  occupations = 'smearing'
  smearing = 'cold'
/
&ELECTRONS
  conv_thr =   1.0000000000d-06
  electron_maxstep = 400
  mixing_beta =   0.4
/
ATOMIC_SPECIES
  Cr   51.99610  Cr_PBE_FR.SG15v1.2.UPF
  Sb  121.76000  Sb_PBE_FR.SG15v1.2.UPF
  Te  127.60000  Te_PBE_FR.SG15v1.2.UPF
K_POINTS gamma
CELL_PARAMETERS angstrom
8.42843558953249 0.00000000000000 0.00000000000000 ! TMi2-1,  2, after_relax.in
-4.21421779476624 7.29923593142487 0.00000000000000
0.00000000000000 0.00000000000000 31.03344084160948
BEGIN_POSITIONS
FIRST_IMAGE
ATOMIC_POSITIONS angstrom
Te  2.1074460078  1.2135401937  3.4125433712
Te  0.0027663989 -2.4318684162  3.4125433712
Te -2.1082421121  1.2171941889  3.3853835623
Te  4.2132053085 -2.4324917776  3.4110787773
Te -0.1476753230  0.0852604272  6.9778925745
Te -2.1117282439 -3.6469492447  7.0587468491
Te -4.0716558609  0.0248559596  6.9781259156
Te -2.0573538445  3.5137294304  6.9781259156
Te  0.0004955247 -0.0002860914  0.0026828776
Te -2.1074759893 -3.6494042856 -0.0030844053
Te -4.2138906193 -0.0000906001  0.0005711544
Te  2.1073509144 -3.6498542498  0.0005711544
Te  0.1774195771  2.4789774380  13.7897503569
Te -2.0581475992 -1.3931351914  13.7897503569
Te -4.4571459094  2.5733344938  13.9225318661
Te  2.1047020905 -1.2151468752  13.8922857067
Te  2.0944003662  1.0235444757 -13.8886551639
Te  0.1607846458 -2.3255727400 -13.8886551639
Te -2.0411779519  1.1784746898 -13.9168819837
Te  4.3593760156 -2.5168835141 -14.1159349173
Te  2.1520341012  1.0956867704  10.3889970828
Te  0.1271244564 -2.4115561441  10.3889970828
Te -2.1082677957  1.2172090171  10.4773173759
Te  4.0896533634 -2.3611589956  10.4081035428
Te  0.2855333799 -0.1648528506 -7.0490811638
Te -2.0397934601 -3.6884808269 -7.1117953456
Te  4.0640501533  0.0455297101 -6.9184558015
Te  1.9925951710 -3.5423320095 -6.9184558015
Te  0.0000910058  2.4321297065 -3.4249593372
Te -2.1062405753 -1.2161402066 -3.4249593372
Te -4.2148401195  2.4334391155 -3.4028413220
Te  2.1072389626 -1.2166115415 -3.3897722989
Te -0.0218015872  2.4702023574 -10.3579549492
Te -2.1501587432 -1.2162169815 -10.3579549492
Te -3.9750796110  2.2950132569 -10.4382048425
Te  2.1821573696 -1.2598657219 -10.5119970231
Sb  0.0039194374  2.4182566946  8.6195061770
Sb -2.0923119824 -1.2125192211  8.6195061770
Sb -4.1883236307  2.4181298064  8.5650254408
Sb  2.1117072708 -1.2191913229  8.3620348997
Sb  0.0023669003  2.4352991756  1.8370573540
Sb -2.1078474689 -1.2196959245  1.8370573540
Sb -4.2170103095  2.4346920759  1.8348269975
Sb  2.1083935485 -1.2172781417  1.8381674263
Sb -0.0889826509  0.0513741814 -12.1453474148
Sb -1.9027279797 -3.7676156392 -12.0900239954
Sb -4.0952262653 -0.1231637713 -12.3269028639
Sb -1.9409502293  3.6081518743 -12.3269028639
Sb  0.0360739950 -0.0208273404  12.2250329636
Sb -2.1035910575 -3.6516472557  12.0128334070
Sb  4.2038675007 -0.0065902325  12.3204779793
Sb  2.1076410283 -3.6373574693  12.3204779793
Sb  2.1050092107  1.2153806947 -1.8299873947
Sb -0.0000459185 -2.4306783395 -1.8299873947
Sb -2.1058750567  1.2158275693 -1.8447797585
Sb  4.2140580999 -2.4329841372 -1.8414948736
Sb  2.1810699487  1.1898944118 -8.6996367938
Sb  0.0600562100 -2.4838057623 -8.6996367938
Sb -2.0475142162  1.1821329082 -8.2215138244
Sb  4.1266909651 -2.3825426749 -8.4631773933
Cr -1.8813791115 -3.7799410153  16.4722805606
INTERMEDIATE_IMAGE
ATOMIC_POSITIONS angstrom
Te  2.1076089293  1.2128867209  3.3573598081
Te  0.0034137832 -2.4316827738  3.3573598081
Te -2.1087906133  1.2175108661  3.3194323829
Te  4.2134073160 -2.4326084067  3.3551859158
Te -0.2134758944  0.1232504225  7.0550489962
Te -2.1139651607 -3.6456577599  7.1676557234
Te -4.0083316842  0.0335927314  7.0553954342
Te -2.0332580184  3.4545206733  7.0553954342
Te  0.0007355038 -0.0004246435  0.0039821766
Te -2.1076537773 -3.6493016396 -0.0045781614
Te -4.2137321864 -0.0001344771  0.0008477605
Te  2.1074681294 -3.6499695183  0.0008477605
Te  0.2439619538  2.4900157719  13.7130531676
Te -2.0344358852 -1.4562817739  13.7130531676
Te -4.5554136320  2.6300694163  13.9101396519
Te  2.1035363933 -1.2144738587  13.8954883897
Te  2.0882455996  0.9076991645 -13.8598551348
Te  0.2580322106 -2.2623199193 -13.8598551348
Te -2.0092479713  1.1600399128 -13.9319947216
Te  4.4102944415 -2.5462812946 -14.1972047069
Te  2.1737911717  1.0413202932  10.4022041159
Te  0.1850857199 -2.4032150897  10.4022041159
Te -2.1088291799  1.2175331324  10.5383653939
Te  4.0329318864 -2.3284108203  10.4305634969
Te  0.4180976513 -0.2413889040 -7.1607119739
Te -2.0071932776 -3.7073025582 -7.2463934872
Te  3.9970425536  0.0708802296 -6.9668257467
Te  1.9371371847 -3.4969769586 -6.9668257467
Te  0.0008274268  2.4320689295 -3.3757869888
Te -2.1058197301 -1.2167475776 -3.3757869888
Te -4.2158338704  2.4340128581 -3.3429573669
Te  2.1073016295 -1.2166477224 -3.3259448028
Te -0.0287557321  2.4902615813 -10.3561267413
Te -2.1710076067 -1.2202241245 -10.3561267413
Te -3.8628708770  2.2302294838 -10.4752408958
Te  2.2185029457 -1.2808498589 -10.5898384022
Sb  0.0156285582  2.4167431539  8.7152901716
Sb -2.0851466566 -1.2219028516  8.7152901716
Sb -4.1855942471  2.4165539954  8.6344246046
Sb  2.1139349487 -1.2204774746  8.3489451261
Sb  0.0036234057  2.4364388937  1.7960807700
Sb -2.1082062408 -1.2213539497  1.7960807700
Sb -4.2184729529  2.4355365339  1.7927701277
Sb  2.1090167830 -1.2176379663  1.7983952112
Sb -0.1112784784  0.0642466894 -12.0797492242
Sb -1.8037473764 -3.8247621341 -11.9734988344
Sb -4.0583973620 -0.1948183763 -12.3492308357
Sb -1.8604811151  3.6120843961 -12.3492308357
Sb  0.0327465278 -0.0189062254  12.1980276823
Sb -2.1018877515 -3.6526306616  11.8589271312
Sb  4.2196527618  0.0022254092  12.3396961754
Sb  2.1078990951 -3.6554357337  12.3396961754
Sb  2.1039934181  1.2149472084 -1.7855851272
Sb -0.0001784044 -2.4295818944 -1.7855851272
Sb -2.1052786190  1.2154832162 -1.8082080987
Sb  4.2140909929 -2.4330031279 -1.8026654586
Sb  2.2168894740  1.1883193285 -8.8342257386
Sb  0.0793300352 -2.5140388558 -8.8342257386
Sb -2.0186536592  1.1654702512 -8.1403689182
Sb  4.0941132936 -2.3637339388 -8.4832505034
Cr -1.7720597510 -3.8430564013  16.9350525787
INTERMEDIATE_IMAGE
ATOMIC_POSITIONS angstrom
Te  2.1068831484  1.2128387912  3.3346939840
Te  0.0030924011 -2.4310302639  3.3346939840
Te -2.1078138732  1.2169469447  3.2974766528
Te  4.2153495777 -2.4337297726  3.3320626311
Te -0.2160197033  0.1247190919  7.0620138533
Te -2.1115064252 -3.6470773123  7.1848114213
Te -4.0136798460  0.0314425279  7.0794276511
Te -2.0340699691  3.4602274211  7.0794276511
Te  0.0022968085 -0.0013260636  0.0028156591
Te -2.1065843535 -3.6499190720 -0.0045253504
Te -4.2137420604  0.0006329481  0.0006720089
Te  2.1067985830 -3.6503446797  0.0006720089
Te  0.2315762315  2.4819333680  13.6850240072
Te -2.0336291828 -1.4415142168  13.6850240072
Te -4.5753069173  2.6415548152  13.8547770524
Te  2.1051299900 -1.2153939224  13.8658406931
Te  2.0799436574  0.8249851809 -13.8344219001
Te  0.3255136196 -2.2137732355 -13.8344219001
Te -2.1519660080  1.2424382509 -13.9242107848
Te  4.4009538628 -2.5408885064 -14.1807971767
Te  2.1720887693  1.0472024523  10.4024269598
Te  0.1791404218 -2.4046818449  10.4024269598
Te -2.1069627456  1.2164555455  10.5371515701
Te  4.0238472707 -2.3231658126  10.4196121617
Te  0.4343002055 -0.2507434575 -7.2059218180
Te -2.0125756895 -3.7041950195 -7.2674374214
Te  3.9840737619  0.0607917271 -6.9954024550
Te  1.9393896837 -3.4807013990 -6.9954024550
Te  0.0006364882  2.4331748405 -3.3552349009
Te -2.1068729459 -1.2171351753 -3.3552349009
Te -4.2139119933  2.4329032613 -3.3236809398
Te  2.1085441090 -1.2173650686 -3.3031597418
Te -0.0347436693  2.4871978438 -10.3337573852
Te -2.1713483022 -1.2135065476 -10.3337573852
Te -3.8543175540  2.2252912182 -10.4847635785
Te  2.2058180365 -1.2735262196 -10.5711754371
Sb  0.0204231023  2.4145180876  8.7300533597
Sb -2.0808224212 -1.2249425175  8.7300533597
Sb -4.1886142416  2.4182975908  8.6546186632
Sb  2.1016887398 -1.2134071194  8.3677090629
Sb  0.0043272305  2.4361519671  1.7797869731
Sb -2.1076058429 -1.2218200169  1.7797869731
Sb -4.2181996783  2.4353787587  1.7779618564
Sb  2.1096899150 -1.2180265993  1.7831969722
Sb -0.1579060067  0.0911671180 -12.0097092618
Sb -1.7784909708 -3.8393439316 -12.0738532968
Sb -4.0911972354 -0.2388390168 -12.2958871114
Sb -1.8387580799  3.6625002532 -12.2958871114
Sb  0.0252668340 -0.0145878201  12.1808739963
Sb -2.1315071439 -3.6355298897  11.8255429669
Sb  4.2302748958 -0.0029626498  12.3250133665
Sb  2.1177031513 -3.6620407464  12.3250133665
Sb  2.1045016230  1.2146989512 -1.7699439927
Sb  0.0002906951 -2.4298978844 -1.7699439927
Sb -2.1045758722  1.2150774850 -1.7925931328
Sb  4.2145859802 -2.4332889092 -1.7845325497
Sb  2.2288829294  1.2120198329 -8.8529441840
Sb  0.0648015339 -2.5362757502 -8.8529441840
Sb -2.0163856333  1.1641608055 -8.1488414250
Sb  4.0816157445 -2.3565184721 -8.4958323173
Cr -1.4084577487 -4.0529821723  17.0661218615
INTERMEDIATE_IMAGE
ATOMIC_POSITIONS angstrom
Te  2.1051299645  1.2134909122  3.3496209702
Te  0.0016510562 -2.4298380221  3.3496209702
Te -2.1050738464  1.2153649889  3.3263827794
Te  4.2193036966 -2.4360126853  3.3468232989
Te -0.1454342132  0.0839665212  6.9878322888
Te -2.1036191830 -3.6516310156  7.0958939466
Te -4.0984180964  0.0167062095  7.0419137756
Te -2.0636770746  3.5409810920  7.0419137756
Te  0.0053856590 -0.0031094131 -0.0012015171
Te -2.1040730647 -3.6513689660 -0.0026845983
Te -4.2139465093  0.0023382960 -0.0000267004
Te  2.1052194846 -3.6510202958 -0.0000267004
Te  0.1279440347  2.4517460366  13.7132585363
Te -2.0593022966 -1.3366723942  13.7132585363
Te -4.5045938002  2.6007285590  13.7497376430
Te  2.1099135257 -1.2181556998  13.7982156303
Te  2.0691594280  0.7805733594 -13.8128809183
Te  0.3585832435 -2.1822278881 -13.8128809183
Te -2.4965895263  1.4414068143 -13.8899566701
Te  4.3219496054 -2.4952753559 -14.0514677444
Te  2.1432655543  1.1227363036  10.3876391610
Te  0.0993146109 -2.4174871226  10.3876391610
Te -2.1022895810  1.2137574916  10.4639586459
Te  4.0698342417 -2.3497164151  10.3700350088
Te  0.3159803707 -0.1824314372 -7.1743443197
Te -2.0618686717 -3.6757356909 -7.1572046467
Te  4.0335776608  0.0097332042 -7.0010967790
Te  2.0083595924 -3.4980437916 -7.0010967790
Te -0.0006265439  2.4356295255 -3.3677698618
Te -2.1096302807 -1.2172686994 -3.3677698618
Te -4.2086194435  2.4298476049 -3.3513496923
Te  2.1111505355 -1.2188698903 -3.3278226436
Te -0.0396146019  2.4574023245 -10.2876410067
Te -2.1479801028 -1.1943904346 -10.2876410067
Te -3.9655972301  2.2895385992 -10.4624788555
Te  2.1364504122 -1.2334767850 -10.4409466130
Sb  0.0172239060  2.4114704473  8.6511507551
Sb -2.0797826876 -1.2206481107  8.6511507551
Sb -4.1982809244  2.4238786553  8.6179281342
Sb  2.0727096923 -1.1966760502  8.4232981456
Sb  0.0043921173  2.4342157383  1.7920282269
Sb -2.1058965768 -1.2209080961  1.7920282269
Sb -4.2159195594  2.4340623308  1.7946548955
Sb  2.1104207319 -1.2184485370  1.7964079904
Sb -0.2326627049  0.1343279379 -11.9345342968
Sb -1.8384649609 -3.8047179231 -12.4249359696
Sb -4.2044929079 -0.2509128365 -12.1550615452
Sb -1.8849496743  3.7666541393 -12.1550615452
Sb  0.0129868720 -0.0074979775  12.1751094523
Sb -2.1973377950 -3.5975225269  11.9314909027
Sb  4.2349280888 -0.0243399789  12.2711385942
Sb  2.1385430476 -3.6553818671  12.2711385942
Sb  2.1067716770  1.2146648319 -1.7875527659
Sb  0.0014552699 -2.4318467496 -1.7875527659
Sb -2.1037502244  1.2146007965 -1.8012055897
Sb  4.2156151814 -2.4338831190 -1.7903262680
Sb  2.2133317599  1.2649407073 -8.7377081226
Sb  0.0111951481 -2.5492684720 -8.7377081226
Sb -2.0448604576  1.1806007598 -8.2609180106
Sb  4.0923322397 -2.3627056463 -8.4997536620
Cr -0.7508869966 -4.4326311497  16.8137192811
INTERMEDIATE_IMAGE
ATOMIC_POSITIONS angstrom
Te  2.1067176379  1.2139933460  3.3826325115
Te  0.0020097726 -2.4314642052  3.3826325115
Te -2.1072007192  1.2165929400  3.3671525655
Te  4.2180296355 -2.4352771054  3.3758519806
Te -0.1030648969  0.0595045737  6.9353064662
Te -2.1073960742 -3.6494504254  7.0156165411
Te -4.1501721622 -0.0034345278  6.9908571073
Te -2.0721117255  3.5958718173  6.9908571073
Te  0.0042014756 -0.0024257242 -0.0037711510
Te -2.1057450888 -3.6504036220 -0.0021747057
Te -4.2133159377  0.0011788217 -0.0011290397
Te  2.1065389041 -3.6509866498 -0.0011290397
Te  0.0630994037  2.4250084892  13.7434296662
Te -2.0685692276 -1.2671464966  13.7434296662
Te -4.4321337014  2.5588936820  13.8318993131
Te  2.1092764284 -1.2177878714  13.7699372180
Te  2.0198012327  0.7983072227 -13.9042073496
Te  0.3185461765 -2.1483493480 -13.9042073496
Te -2.4226593377  1.3987231795 -13.9642521059
Te  4.3201583104 -2.4942411508 -13.9248168991
Te  2.1322120705  1.1736355415  10.3750731339
Te  0.0497078566 -2.4333641394  10.3750731339
Te -2.1042196287  1.2148718056  10.4114954087
Te  4.1121760543 -2.3741624833  10.3524924482
Te  0.1950300244 -0.1126006896 -7.0609316242
Te -2.1125024875 -3.6465022301 -7.0375562789
Te  4.0906622961 -0.0183530482 -6.9618797239
Te  2.0612253068 -3.5334374328 -6.9618797239
Te  0.0002524556  2.4324075968 -3.3987886786
Te -2.1064005102 -1.2164189713 -3.3987886786
Te -4.2094629833  2.4303346230 -3.3889048614
Te  2.1073582863 -1.2166804332 -3.3740211258
Te -0.0390484565  2.4416825859 -10.2619346314
Te -2.1340833434 -1.1870208618 -10.2619346314
Te -4.0670576556  2.3481168304 -10.3788512047
Te  2.0908866737 -1.2071705361 -10.3365704671
Sb  0.0119676986  2.4159795148  8.5947869650
Sb -2.0863157566 -1.2183506332  8.5947869650
Sb -4.2041565465  2.4272709489  8.5540425113
Sb  2.0733656931 -1.1970547926  8.4592210412
Sb  0.0032154323  2.4336856538  1.8166893907
Sb -2.1060258528 -1.2196240143  1.8166893907
Sb -4.2149866431  2.4335237110  1.8165191011
Sb  2.1096819685 -1.2180220116  1.8188092444
Sb -0.2313851840  0.1335903605 -11.8800102243
Sb -1.7932864230 -3.8308017767 -12.6228677777
Sb -4.3092672510 -0.1725962356 -12.2190153588
Sb -2.0051609794  3.8182331239 -12.2190153588
Sb  0.0066518908 -0.0038404727  12.1588075366
Sb -2.1875726342 -3.6031604477  12.0608652565
Sb  4.2319886515 -0.0186088997  12.2684141175
Sb  2.1321100709 -3.6557017781  12.2684141175
Sb  2.1057214435  1.2142143781 -1.8121498231
Sb  0.0013202574 -2.4307119934 -1.8121498231
Sb -2.1028277327  1.2140681954 -1.8204561064
Sb  4.2155939369 -2.4338708535 -1.8188203289
Sb  2.1689493539  1.2729508363 -8.6279127979
Sb -0.0179330269 -2.5148372275 -8.6279127979
Sb -2.0692729555  1.1946953285 -8.3597931596
Sb  4.1155354847 -2.3761020523 -8.4460217928
Cr -0.2434622543 -4.7255931056  16.7458318853
INTERMEDIATE_IMAGE
ATOMIC_POSITIONS angstrom
Te  2.1111685326  1.2144209673  3.4342791343
Te  0.0038648892 -2.4355326053  3.4342791343
Te -2.1134760543  1.2202160080  3.4211762601
Te  4.2122057868 -2.4319147033  3.4204294347
Te -0.0846931476  0.0488976344  6.8992935257
Te -2.1211927333 -3.6414849169  6.9406621440
Te -4.1725240059 -0.0274022454  6.9251912570
Te -2.0625310045  3.6272129496  6.9251912570
Te -0.0007190237  0.0004151287 -0.0050127320
Te -2.1110071170 -3.6473655872 -0.0027230143
Te -4.2120111105 -0.0024513798 -0.0024393403
Te  2.1103351630 -3.6503015631 -0.0024393403
Te  0.0332775249  2.4028304073  13.7781345506
Te -2.0642733943 -1.2302309389  13.7781345506
Te -4.3565447348  2.5152523515  14.0786126515
Te  2.1041145879 -1.2148076797  13.7805514751
Te  1.9381882678  0.8765326518 -14.0968051849
Te  0.2099945238 -2.1167831410 -14.0968051849
Te -1.9799953966  1.1431509229 -14.1355085882
Te  4.3828786644 -2.5304527810 -13.8058351596
Te  2.1363879787  1.2018811491  10.3641440748
Te  0.0273344083 -2.4511033872  10.3641440748
Te -2.1117661968  1.2192288207  10.3776376999
Te  4.1517499591 -2.3970104986  10.3629194007
Te  0.0728434607 -0.0420562113 -6.8748100510
Te -2.1621386030 -3.6178447912 -6.9074671867
Te  4.1545114448 -0.0251578077 -6.8796340263
Te  2.0990429715 -3.5853300636 -6.8796340263
Te  0.0029395063  2.4243755991 -3.4487795460
Te -2.0981010738 -1.2147300278 -3.4487795460
Te -4.2156815333  2.4339249062 -3.4379135845
Te  2.0981441157 -1.2113606269 -3.4417071115
Te -0.0329394603  2.4380180101 -10.2560237302
Te -2.1278552320 -1.1904791223 -10.2560237302
Te -4.1587896323  2.4010783366 -10.2434204468
Te  2.0677487283 -1.1938118303 -10.2585301892
Sb  0.0049001560  2.4270774236  8.5560815642
Sb -2.0994605936 -1.2177789133  8.5560815642
Sb -4.2067158759  2.4287485791  8.4651226623
Sb  2.1002623423 -1.2125835880  8.4752135918
Sb  0.0009458222  2.4344866783  1.8541790654
Sb -2.1078543652 -1.2180589857  1.8541790654
Sb -4.2152432166  2.4336718438  1.8449811193
Sb  2.1077387369 -1.2169000856  1.8512989050
Sb -0.1592748094  0.0919573970 -11.8477899930
Sb -1.6635971136 -3.9056779637 -12.6763321527
Sb -4.3999202928 -0.0128335431 -12.4629608911
Sb -2.1888459957  3.8168596515 -12.4629608911
Sb  0.0055920267 -0.0032285596  12.1368801295
Sb -2.1112063570 -3.6472505597  12.2109730856
Sb  4.2222188759  0.0105747777  12.3116567028
Sb  2.1019513901 -3.6618327390  12.3116567028
Sb  2.1017247934  1.2133875653 -1.8450079936
Sb  0.0000379732 -2.4268373852 -1.8450079936
Sb -2.1018052084  1.2134778407 -1.8511772775
Sb  4.2146346171 -2.4333169897 -1.8690414193
Sb  2.1000983903  1.2404380636 -8.5227325788
Sb -0.0242016342 -2.4389541308 -8.5227325788
Sb -2.0897988295  1.2065459535 -8.4438526216
Sb  4.1506970179 -2.3964025824 -8.3386885481
Cr  0.1170058002 -4.9337094143  16.8398844723
LAST_IMAGE
ATOMIC_POSITIONS angstrom
Te  2.1087092091  1.2174638295  3.5837357127
Te  0.0000000327 -2.4349241989  3.5837357127
Te -2.1087091435  1.2174638295  3.5837357127
Te  4.2142177948 -2.4330763371  3.5786698304
Te -0.0000000000  0.0000000000  6.7302372955
Te -2.1118650653 -3.6468702510  6.7580758166
Te -4.2142177620 -0.0054919694  6.7580758166
Te -2.1023527295  3.6523656804  6.7580758166
Te  0.0000000000  0.0000000000 -0.0054772800
Te -2.1078221120 -3.6492044515  0.0030337304
Te -4.2142177620 -0.0008235685  0.0030337304
Te  2.1078221120 -3.6492044515  0.0030337304
Te  0.0000000000  2.4426282947  13.9327525468
Te -2.1153781218 -1.2213106872  13.9327525468
Te -4.2142177620  2.4330797971  14.1155180359
Te  2.1153781218 -1.2213106872  13.9327525468
Te  1.9710426178  1.1379819890 -14.2517170116
Te  0.0000000327 -2.2759605180 -14.2517170116
Te -1.9710425522  1.1379819890 -14.2517170116
Te  4.2142177948 -2.4330763371 -13.9129998953
Te  2.1038161226  1.2146388034  10.3371003742
Te  0.0000000327 -2.4292741465  10.3371003742
Te -2.1038160571  1.2146388034  10.3371003742
Te  4.2142177948 -2.4330763371  10.3292845360
Te  0.0000000000 -0.0000000000 -6.7469950888
Te -2.1164365960 -3.6442308700 -6.6946121421
Te  4.2142178275 -0.0107707314 -6.6946121421
Te  2.1164365960 -3.6442308700 -6.6946121421
Te -0.0000000000  2.4304552292 -3.5955283423
Te -2.1048359388 -1.2152241545 -3.5955283423
Te -4.2142177620  2.4330797971 -3.5949862943
Te  2.1048359388 -1.2152241545 -3.5955283423
Te -0.0000000000  2.4048842467 -10.3072141963
Te -2.0826908339 -1.2024386633 -10.3072141963
Te -4.2142177620  2.4330797971 -10.2680599935
Te  2.0826908339 -1.2024386633 -10.3072141963
Sb  0.0000000000  2.4273957549  8.3992652174
Sb -2.1021863549 -1.2136944174  8.3992652174
Sb -4.2142177620  2.4330797971  8.3579833700
Sb  2.1021863549 -1.2136944174  8.3992652174
Sb  0.0000000000  2.4378118894  1.9601573487
Sb -2.1112069922 -1.2189024847  1.9601573487
Sb -4.2142177620  2.4330797971  1.9561362689
Sb  2.1112069922 -1.2189024847  1.9601573487
Sb -0.0000000000  0.0000000000 -11.9714241662
Sb -1.9932170490 -3.7153717195 -12.4769034290
Sb -4.2142177620  0.1315109678 -12.4769034290
Sb -2.2210006802  3.5838642119 -12.4769034290
Sb  0.0000000000 -0.0000000000  12.2835769502
Sb -2.1130275494 -3.6461990929  12.3409227695
Sb  4.2142178275 -0.0068342856  12.3409227695
Sb  2.1130275494 -3.6461990929  12.3409227695
Sb  2.1002485963  1.2125790919 -1.9613699804
Sb  0.0000000327 -2.4251547235 -1.9613699804
Sb -2.1002485307  1.2125790919 -1.9613699804
Sb  4.2142177948 -2.4330763371 -1.9702753295
Sb  2.1012615018  1.2131638954 -8.4042386555
Sb  0.0000000327 -2.4263243308 -8.4042386555
Sb -2.1012614363  1.2131638954 -8.4042386555
Sb  4.2142177948 -2.4330763371 -8.1699141967
Cr  0.0000000327 -4.8661561342  16.7163275447
END_POSITIONS
END_ENGINE_INPUT
END
