BEGIN
BEGIN_PATH_INPUT
&PATH
  string_method = 'neb',
  restart_mode = 'from_scratch',
  nstep_path = 1000,
  num_of_images = 5,
  opt_scheme = 'broyden',
  CI_scheme = 'auto',
  first_last_opt = .false.,
  minimum_image = .true.,
  ds = 0.2,
  k_min = 0.1,
  k_max = 0.3,
  path_thr = 0.03,
/
END_PATH_INPUT
BEGIN_ENGINE_INPUT
&CONTROL
  etot_conv_thr =   1.0000000000d-04
  forc_conv_thr =   1.0000000000d-03
  outdir = './out/'
  prefix = 'v-sb2te3'
  pseudo_dir = '/data/pclancy3/yi/cyqe/data/pseudos/ONCVPseudoPack/SG15_v1.2/UPF/PBE'
  verbosity = 'high'
/
&SYSTEM
  vdw_corr = 'DFT-D3'
  degauss =   1.4699723600d-02
  ecutrho =   400
  ecutwfc =   100
  ibrav = 0
  nat = 81
  ntyp = 3
  occupations = 'smearing'
  smearing = 'cold'
/
&ELECTRONS
  conv_thr =   1.0000000000d-06
  electron_maxstep = 2000
  mixing_beta =   0.4
/
ATOMIC_SPECIES
  Sb  121.76000  Sb_PBE_FR.SG15v1.2.UPF
  Te  127.60000  Te_PBE_FR.SG15v1.2.UPF
  V   50.9420    V_PBE_FR.SG15v1.2.UPF
K_POINTS AUTOMATIC
1 1 1 1 1 1
CELL_PARAMETERS angstrom
  17.10860000000000 0.00000000000000 0.00000000000000
  -4.26915486971149 7.40364114749078 0.00000000000000
  0.08956706398631 0.05164697474735 47.42888730859125
BEGIN_POSITIONS
FIRST_IMAGE
ATOMIC_POSITIONS angstrom
Te  12.8569397400  7.4217962300  15.0057612300
Te  2.1699520800  3.7176095200  15.0102356000
Te  0.0328170100  7.4179555700  15.0063149700
Te  14.9984992100  3.7078696000  15.0057609400
Te  0.0468673700  2.4933658000  22.3371977100
Te  2.1876456200  6.1916273300  22.3402999000
Te  4.3200219600  2.4935885500  22.3402704200
Te -2.0869217600  6.1956454600  22.2917855800
Te  2.1870697300  1.2636611900  25.0885891500
Te  4.3277209200  4.9618503300  25.0916918900
Te  6.4615109900  1.2595719700  25.1371023400
Te  0.0545708500  4.9616313000  25.0886185000
Te  2.1798126900  1.2439845900  18.6476932600
Te  4.3199009400  4.9573383700  18.6402495200
Te  6.4493227400  1.2525452300  18.6454046600
Te  0.0340217000  4.9652653100  18.6476947300
Te  0.0615019200  0.0364779700  32.4221393100
Te  2.2047582000  3.7376774100  32.4186511800
Te  4.3418933200  0.0373315900  32.4225721600
Te -2.0721973100  3.7367733400  32.4221385600
Te  0.0549343500  2.4980204400  28.7886393300
Te  2.1947754200  6.2112312800  28.7811912500
Te  4.3405677000  2.4899518200  28.7811896900
Te -2.0744879300  6.2028137300  28.7834848400
Sb  0.0302151700  2.4837677500  16.6937939600
Sb  2.1810587100  6.1920412900  16.6994623700
Sb  4.3170954400  2.4876926600  16.6994615200
Sb -2.0895085600  6.1941496500  16.7051126100
Sb  0.0247804500  0.0286890000  26.8443071900
Sb  2.1906049100  3.7295026900  26.8198348300
Sb  4.3643121300  0.0502633200  26.8541252100
Sb  6.4813089600  3.7149285200  26.8415059800
Sb  12.8866808900  7.4084734700  20.5873871800
Sb  2.1841469900  3.7257148300  20.6090533900
Sb  4.2795546400  0.0013802500  20.5747628300
Sb  15.0018792100  3.7402880700  20.5873780900
Sb  2.1936513600  1.2632454500  30.7294254100
Sb  4.3444948900  4.9715196200  30.7350893200
Sb  6.4642189400  1.2611367200  30.7237705100
Sb  0.0576153500  4.9675948000  30.7294255400
Te  4.3132100900  7.4188098600  15.0067473300
Te  10.7183922000  3.7142306400  15.0092078500
Te  8.6001381600  7.4254637300  15.0069800600
Te  6.4469089200  3.7185143100  15.0067480200
Te  8.5982934400  2.4917065800  22.2920000800
Te  10.7443179200  6.1963002100  22.2913338000
Te  12.8796772900  2.4933655900  22.2913388400
Te  6.4644947600  6.1939826500  22.2928856600
Te  10.7389903400  1.2589866500  25.1375603600
Te  12.8851414600  4.9636529300  25.1368947000
Te  15.0189406800  1.2613763200  25.1360091200
Te  8.6037533600  4.9619916600  25.1375539100
Te  10.7232461100  1.2505613800  18.6515360300
Te  12.8769334900  4.9589141900  18.6601263600
Te  15.0053013100  1.2535128800  18.6432055000
Te  8.5885675900  4.9525670700  18.6515390700
Te  8.6263732000  0.0334925100  32.4231250100
Te  10.7649215600  3.7410584400  32.4196780900
Te  12.8831759400  0.0298255100  32.4219054400
Te  6.4848140200  3.7474191200  32.4231252800
Te  8.6062560000  2.4963036300  28.7687567800
Te  10.7601902800  6.2047988200  28.7773522000
Te  12.8948682600  2.5027924900  28.7773498300
Te  6.4778882000  6.2017044300  28.7856780000
Sb  8.5896764000  2.4867421000  16.6985342700
Sb  10.7294790000  6.1937769400  16.6941797200
Sb  12.8699505600  2.4817336000  16.6941799900
Sb  6.4460011300  6.1833155900  16.7009963900
Sb  8.5965062100  0.0467424500  26.8414978700
Sb  10.7482502600  3.7315230800  26.8300873700
Sb  12.8785427500  0.0271596000  26.8336607700
Sb -2.0973477000  3.7088877600  26.8443196100
Sb  8.6192118100  0.0230307200  20.5845848300
Sb  10.7350227200  3.7238355400  20.5988016000
Sb  12.8739242900  0.0244899900  20.5952283300
Sb  6.4721841200  3.7464711500  20.5845740900
Sb  10.7538355200  1.2615122300  30.7347006700
Sb  12.8936386600  4.9685468700  30.7303496200
Sb  15.0373119900  1.2719743000  30.7278871300
Sb  8.6133630500  4.9735555500  30.7347009500
V   2.1873133900  3.7276197800  23.7144428800
INTERMEDIATE_IMAGE
ATOMIC_POSITIONS angstrom
Te  12.8590595800  7.4210024100  15.0065039100
Te  2.1697862100  3.7175587900  15.0094349700
Te  0.0333294600  7.4182060500  15.0064944800
Te  14.9989102900  3.7101234800  15.0060634100
Te  0.0470423400  2.4939632300  22.3268115400
Te  2.1880365600  6.1924821300  22.3292171700
Te  4.3210867800  2.4935691500  22.3285674200
Te -2.0865141200  6.1953828200  22.2927524000
Te  2.1753673600  1.2562814400  25.0812138900
Te  4.3280879400  4.9765910400  25.0842718500
Te  6.4746500300  1.2526188700  25.1183292100
Te  0.0525102300  4.9610739100  25.0915363600
Te  2.1780487100  1.2462081700  18.6464524500
Te  4.3189056800  4.9566951400  18.6410987000
Te  6.4495565200  1.2527489900  18.6449650700
Te  0.0355837000  4.9629251700  18.6481272400
Te  0.0643620300  0.0378731500  32.4216191800
Te  2.2049392100  3.7372687400  32.4191044400
Te  4.3409909600  0.0373240300  32.4220451600
Te -2.0721231500  3.7370698600  32.4220507900
Te  0.0549076500  2.4964850800  28.7882934300
Te  2.2014606000  6.2118450300  28.7863841900
Te  4.3409478500  2.4934113100  28.7861734900
Te -2.0771188800  6.2028164200  28.7844276900
Sb  0.0317504800  2.4842366600  16.6953859400
Sb  2.1808112800  6.1914774900  16.6993366500
Sb  4.3161757200  2.4875835700  16.6995979400
Sb -2.0920462500  6.1931018200  16.7038749100
Sb  0.0263624600  0.0260013400  26.8458980500
Sb  2.1690528400  3.7438096800  26.8400106500
Sb  4.3561124000  0.0188038900  26.8657281700
Sb  6.4995205400  3.7310315900  26.8570449700
Sb  12.8844333600  7.4127787300  20.5891983700
Sb  2.1822808900  3.7258977000  20.6049828900
Sb  4.2885607700  0.0053190300  20.5792649100
Sb  15.0044990600  3.7361976000  20.5893044000
Sb  2.1916844500  1.2625325300  30.7303293300
Sb  4.3411171300  4.9734059200  30.7324853300
Sb  6.4678726300  1.2594092100  30.7239960300
Sb  0.0586821500  4.9677888300  30.7307912200
Te  4.3124246000  7.4186108100  15.0067839500
Te  10.7193751200  3.7148971800  15.0086971300
Te  8.5971264600  7.4236275400  15.0070262700
Te  6.4465755600  3.7180680700  15.0067653100
Te  8.5990235800  2.4922399600  22.2926232900
Te  10.7438151800  6.1958156700  22.2921177400
Te  12.8794349800  2.4934224500  22.2916212400
Te  6.4651266800  6.1942349200  22.2932874900
Te  10.7381809700  1.2587164900  25.1381125500
Te  12.8846414600  4.9637443400  25.1369586400
Te  15.0189644600  1.2610107000  25.1362945100
Te  8.6055039800  4.9628063500  25.1321955300
Te  10.7244012300  1.2512582700  18.6495937200
Te  12.8752534800  4.9581753700  18.6559086700
Te  15.0053726300  1.2533242300  18.6432180300
Te  8.5891452000  4.9528700800  18.6503607800
Te  8.6225396300  0.0332984100  32.4197873800
Te  10.7629540800  3.7409100800  32.4209831000
Te  12.8861424700  0.0305501200  32.4226535100
Te  6.4866374800  3.7464541400  32.4241257400
Te  8.6101258500  2.4931205700  28.7728148500
Te  10.7597396100  6.2045088000  28.7782189600
Te  12.8932125300  2.5018686100  28.7800088600
Te  6.4755195600  6.2057536000  28.7855060700
Sb  8.5899203900  2.4867271000  16.6987759700
Sb  10.7305549400  6.1926946200  16.6957065600
Sb  12.8693255500  2.4830758200  16.6958384800
Sb  6.4483847900  6.1848461400  16.7006225500
Sb  8.6032206800  0.0450129000  26.8480166400
Sb  10.7480669800  3.7314093400  26.8304273100
Sb  12.8794330200  0.0276776400  26.8331075700
Sb -2.0944590700  3.7141536700  26.8411195600
Sb  8.6129100600  0.0229968400  20.5870261800
Sb  10.7354450700  3.7240967700  20.5979421500
Sb  12.8732844500  0.0240998100  20.5952622000
Sb  6.4701574800  3.7417027000  20.5865549500
Sb  10.7532747400  1.2628914200  30.7316103600
Sb  12.8939024100  4.9686973600  30.7294417700
Sb  15.0352998800  1.2708162600  30.7275948900
Sb  8.6138507100  4.9721339100  30.7371737200
V   2.7178721300  3.4169712200  24.2763703400
INTERMEDIATE_IMAGE
ATOMIC_POSITIONS angstrom
Te  12.8611794200  7.4202085800  15.0072466000
Te  2.1696203400  3.7175080600  15.0086343300
Te  0.0338419200  7.4184565200  15.0066739900
Te  14.9993213600  3.7123773600  15.0063658900
Te  0.0472173200  2.4945606600  22.3164253800
Te  2.1884275100  6.1933369200  22.3181344400
Te  4.3221516000  2.4935497500  22.3168644200
Te -2.0861064800  6.1951201700  22.2937192300
Te  2.1636649800  1.2489016900  25.0738386400
Te  4.3284549700  4.9913317600  25.0768518100
Te  6.4877890700  1.2456657800  25.0995560800
Te  0.0504496000  4.9605165300  25.0944542300
Te  2.1762847300  1.2484317500  18.6452116400
Te  4.3179104300  4.9560519000  18.6419478800
Te  6.4497902900  1.2529527500  18.6445254800
Te  0.0371457000  4.9605850400  18.6485597500
Te  0.0672221400  0.0392683200  32.4210990500
Te  2.2051202200  3.7368600700  32.4195576900
Te  4.3400885900  0.0373164600  32.4215181600
Te -2.0720489900  3.7373663700  32.4219630200
Te  0.0548809600  2.4949497200  28.7879475300
Te  2.2081457900  6.2124587700  28.7915771300
Te  4.3413280000  2.4968708000  28.7911572800
Te -2.0797498200  6.2028191200  28.7853705300
Sb  0.0332857900  2.4847055800  16.6969779200
Sb  2.1805638500  6.1909136900  16.6992109300
Sb  4.3152560000  2.4874744800  16.6997343600
Sb -2.0945839300  6.1920540000  16.7026372200
Sb  0.0279444800  0.0233136700  26.8474889100
Sb  2.1475007700  3.7581166700  26.8601864600
Sb  4.3479126700 -0.0126555500  26.8773311300
Sb  6.5177321200  3.7471346700  26.8725839600
Sb  12.8821858200  7.4170839900  20.5910095500
Sb  2.1804148000  3.7260805700  20.6009123900
Sb  4.2975669000  0.0092578200  20.5837669800
Sb  15.0071189100  3.7321071200  20.5912307200
Sb  2.1897175400  1.2618196100  30.7312332400
Sb  4.3377393600  4.9752922300  30.7298813400
Sb  6.4715263100  1.2576817100  30.7242215400
Sb  0.0597489600  4.9679828600  30.7321569000
Te  4.3116391100  7.4184117600  15.0068205800
Te  10.7203580300  3.7155637200  15.0081864000
Te  8.5941147700  7.4217913600  15.0070724700
Te  6.4462422100  3.7176218300  15.0067826000
Te  8.5997537200  2.4927733500  22.2932465000
Te  10.7433124500  6.1953311300  22.2929016800
Te  12.8791926700  2.4934793100  22.2919036400
Te  6.4657585900  6.1944871800  22.2936893200
Te  10.7373715900  1.2584463300  25.1386647400
Te  12.8841414600  4.9638357500  25.1370225700
Te  15.0189882300  1.2606450800  25.1365799100
Te  8.6072546100  4.9636210300  25.1268371500
Te  10.7255563600  1.2519551600  18.6476514200
Te  12.8735734700  4.9574365500  18.6516909700
Te  15.0054439500  1.2531355800  18.6432305500
Te  8.5897228200  4.9531730800  18.6491824900
Te  8.6187060500  0.0331043200  32.4164497400
Te  10.7609866000  3.7407617200  32.4222881000
Te  12.8891090000  0.0312747400  32.4234015800
Te  6.4884609300  3.7454891700  32.4251262000
Te  8.6139957000  2.4899375000  28.7768729100
Te  10.7592889300  6.2042187700  28.7790857200
Te  12.8915567900  2.5009447300  28.7826678900
Te  6.4731509100  6.2098027700  28.7853341300
Sb  8.5901643700  2.4867120900  16.6990176600
Sb  10.7316308900  6.1916123000  16.6972334100
Sb  12.8687005300  2.4844180500  16.6974969700
Sb  6.4507684500  6.1863766900  16.7002487100
Sb  8.6099351400  0.0432833500  26.8545354000
Sb  10.7478836900  3.7312955900  26.8307672600
Sb  12.8803232800  0.0281956800  26.8325543700
Sb -2.0915704400  3.7194195700  26.8379195100
Sb  8.6066083100  0.0229629500  20.5894675400
Sb  10.7358674200  3.7243580000  20.5970827100
Sb  12.8726446000  0.0237096400  20.5952960800
Sb  6.4681308400  3.7369342500  20.5885358100
Sb  10.7527139600  1.2642706200  30.7285200400
Sb  12.8941661500  4.9688478500  30.7285339200
Sb  15.0332877700  1.2696582200  30.7273026500
Sb  8.6143383800  4.9707122700  30.7396464800
V   3.2484308700  3.1063226700  24.8382977900
INTERMEDIATE_IMAGE
ATOMIC_POSITIONS angstrom
Te  12.8632992600  7.4194147600  15.0079892900
Te  2.1694544700  3.7174573300  15.0078336900
Te  0.0343543700  7.4187069900  15.0068535100
Te  14.9997324400  3.7146312400  15.0066683700
Te  0.0473922900  2.4951580900  22.3060392200
Te  2.1888184500  6.1941917100  22.3070517100
Te  4.3232164100  2.4935303600  22.3051614200
Te -2.0856988400  6.1948575300  22.2946860500
Te  2.1519626100  1.2415219500  25.0664633800
Te  4.3288219900  5.0060724800  25.0694317700
Te  6.5009281200  1.2387126800  25.0807829400
Te  0.0483889700  4.9599591500  25.0973720900
Te  2.1745207500  1.2506553300  18.6439708300
Te  4.3169151800  4.9554086700  18.6427970600
Te  6.4500240600  1.2531565000  18.6440858900
Te  0.0387077000  4.9582449100  18.6489922600
Te  0.0700822600  0.0406635000  32.4205789200
Te  2.2053012300  3.7364514000  32.4200109500
Te  4.3391862300  0.0373089000  32.4209911700
Te -2.0719748200  3.7376628900  32.4218752500
Te  0.0548542600  2.4934143700  28.7876016400
Te  2.2148309700  6.2130725100  28.7967700700
Te  4.3417081500  2.5003302900  28.7961410800
Te -2.0823807600  6.2028218200  28.7863133800
Sb  0.0348211100  2.4851744900  16.6985699000
Sb  2.1803164200  6.1903498900  16.6990852200
Sb  4.3143362900  2.4873653900  16.6998707700
Sb -2.0971216200  6.1910061700  16.7013995300
Sb  0.0295264900  0.0206260100  26.8490797800
Sb  2.1259487000  3.7724236700  26.8803622800
Sb  4.3397129400 -0.0441149800  26.8889340900
Sb  6.5359437000  3.7632377500  26.8881229500
Sb  12.8799382900  7.4213892500  20.5928207400
Sb  2.1785487100  3.7262634300  20.5968418900
Sb  4.3065730300  0.0131966000  20.5882690500
Sb  15.0097387600  3.7280166500  20.5931570300
Sb  2.1877506300  1.2611066800  30.7321371500
Sb  4.3343615900  4.9771785400  30.7272773500
Sb  6.4751800000  1.2559542000  30.7244470500
Sb  0.0608157700  4.9681768900  30.7335225900
Te  4.3108536100  7.4182127100  15.0068572000
Te  10.7213409500  3.7162302500  15.0076756700
Te  8.5911030800  7.4199551700  15.0071186700
Te  6.4459088500  3.7171755900  15.0067998900
Te  8.6004838600  2.4933067400  22.2938697100
Te  10.7428097100  6.1948465800  22.2936856100
Te  12.8789503500  2.4935361700  22.2921860400
Te  6.4663905000  6.1947394400  22.2940911500
Te  10.7365622200  1.2581761600  25.1392169400
Te  12.8836414600  4.9639271600  25.1370865100
Te  15.0190120100  1.2602794600  25.1368653000
Te  8.6090052400  4.9644357100  25.1214787700
Te  10.7267114800  1.2526520500  18.6457091100
Te  12.8718934700  4.9566977200  18.6474732800
Te  15.0055152700  1.2529469300  18.6432430700
Te  8.5903004300  4.9534760900  18.6480042100
Te  8.6148724700  0.0329102300  32.4131121100
Te  10.7590191200  3.7406133600  32.4235931000
Te  12.8920755300  0.0319993500  32.4241496500
Te  6.4902843900  3.7445241900  32.4261266600
Te  8.6178655400  2.4867544400  28.7809309800
Te  10.7588382500  6.2039287500  28.7799524800
Te  12.8899010500  2.5000208500  28.7853269300
Te  6.4707822700  6.2138519300  28.7851622000
Sb  8.5904083600  2.4866970900  16.6992593500
Sb  10.7327068300  6.1905299800  16.6987602600
Sb  12.8680755100  2.4857602700  16.6991554600
Sb  6.4531521000  6.1879072300  16.6998748700
Sb  8.6166496100  0.0415538000  26.8610541700
Sb  10.7477004000  3.7311818500  26.8311072100
Sb  12.8812135400  0.0287137200  26.8320011600
Sb -2.0886818000  3.7246854800  26.8347194700
Sb  8.6003065700  0.0229290700  20.5919088900
Sb  10.7362897700  3.7246192200  20.5962232600
Sb  12.8720047600  0.0233194600  20.5953299600
Sb  6.4661042100  3.7321658000  20.5905166600
Sb  10.7521531700  1.2656498100  30.7254297300
Sb  12.8944299000  4.9689983400  30.7276260700
Sb  15.0312756600  1.2685001900  30.7270104100
Sb  8.6148260500  4.9692906200  30.7421192500
V   3.7789896200  2.7956741100  25.4002252400
LAST_IMAGE
ATOMIC_POSITIONS angstrom
Te  12.8654190900  7.4186209400  15.0087319800
Te  2.1692886000  3.7174066000  15.0070330500
Te  0.0348668200  7.4189574600  15.0070330200
Te  15.0001435100  3.7168851100  15.0069708500
Te  0.0475672600  2.4957555200  22.2956530600
Te  2.1892094000  6.1950465100  22.2959689900
Te  4.3242812300  2.4935109600  22.2934584300
Te -2.0852912000  6.1945948900  22.2956528800
Te  2.1402602400  1.2341422000  25.0590881300
Te  4.3291890200  5.0208132000  25.0620117300
Te  6.5140671600  1.2317595900  25.0620098100
Te  0.0463283400  4.9594017600  25.1002899600
Te  2.1727567600  1.2528789000  18.6427300200
Te  4.3159199200  4.9547654300  18.6436462400
Te  6.4502578300  1.2533602600  18.6436462900
Te  0.0402697100  4.9559047700  18.6494247700
Te  0.0729423700  0.0420586800  32.4200587900
Te  2.2054822400  3.7360427400  32.4204642000
Te  4.3382838700  0.0373013400  32.4204641700
Te -2.0719006600  3.7379594100  32.4217874800
Te  0.0548275600  2.4918790100  28.7872557400
Te  2.2215161600  6.2136862500  28.8019630100
Te  4.3420883000  2.5037897700  28.8011248800
Te -2.0850117000  6.2028245200  28.7872562300
Sb  0.0363564200  2.4856434000  16.7001618800
Sb  2.1800689900  6.1897860900  16.6989595000
Sb  4.3134165700  2.4872563000  16.7000071900
Sb -2.0996593100  6.1899583400  16.7001618400
Sb  0.0311085000  0.0179383400  26.8506706400
Sb  2.1043966300  3.7867306600  26.9005381000
Sb  4.3315132200 -0.0755744100  26.9005370500
Sb  6.5541552800  3.7793408200  26.9036619400
Sb  12.8776907600  7.4256945100  20.5946319200
Sb  2.1766826100  3.7264463000  20.5927713900
Sb  4.3155791600  0.0171353800  20.5927711300
Sb  15.0123586100  3.7239261700  20.5950833400
Sb  2.1857837300  1.2603937600  30.7330410600
Sb  4.3309838200  4.9790648400  30.7246733600
Sb  6.4788336800  1.2542267000  30.7246725600
Sb  0.0618825700  4.9683709100  30.7348882700
Te  4.3100681200  7.4180136700  15.0068938200
Te  10.7223238700  3.7168967900  15.0071649400
Te  8.5880913900  7.4181189900  15.0071648800
Te  6.4455754900  3.7167293400  15.0068171800
Te  8.6012140000  2.4938401200  22.2944929200
Te  10.7423069800  6.1943620400  22.2944695500
Te  12.8787080400  2.4935930300  22.2924684300
Te  6.4670224100  6.1949917000  22.2944929800
Te  10.7357528500  1.2579060000  25.1397691300
Te  12.8831414500  4.9640185700  25.1371504400
Te  15.0190357900  1.2599138500  25.1371506900
Te  8.6107558700  4.9652504000  25.1161203900
Te  10.7278666100  1.2533489400  18.6437668000
Te  12.8702134600  4.9559589000  18.6432555900
Te  15.0055865900  1.2527582800  18.6432556000
Te  8.5908780400  4.9537790900  18.6468259200
Te  8.6110388900  0.0327161400  32.4097744700
Te  10.7570516400  3.7404649900  32.4248981100
Te  12.8950420500  0.0327239600  32.4248977200
Te  6.4921078400  3.7435592200  32.4271271200
Te  8.6217353900  2.4835713800  28.7849890500
Te  10.7583875700  6.2036387300  28.7808192400
Te  12.8882453200  2.4990969600  28.7879859600
Te  6.4684136300  6.2179011000  28.7849902600
Sb  8.5906523500  2.4866820800  16.6995010500
Sb  10.7337827800  6.1894476700  16.7002871000
Sb  12.8674504900  2.4871025000  16.7008139500
Sb  6.4555357600  6.1894377800  16.6995010200
Sb  8.6233640700  0.0398242600  26.8675729400
Sb  10.7475171200  3.7310681100  26.8314471500
Sb  12.8821038100  0.0292317600  26.8314479600
Sb -2.0857931700  3.7299513900  26.8315194200
Sb  8.5940048200  0.0228951900  20.5943502500
Sb  10.7367121200  3.7248804500  20.5953638200
Sb  12.8713649200  0.0229292800  20.5953638300
Sb  6.4640775700  3.7273973600  20.5924975200
Sb  10.7515923900  1.2670290100  30.7223394100
Sb  12.8946936400  4.9691488300  30.7267182200
Sb  15.0292635500  1.2673421500  30.7267181700
Sb  8.6153137100  4.9678689800  30.7445920100
V   4.3095483600  2.4850255600  25.9621527000
END_POSITIONS
END_ENGINE_INPUT
END
