BEGIN
BEGIN_PATH_INPUT
&PATH
  string_method = 'neb',
  restart_mode = 'from_scratch',
  nstep_path = 200,
  num_of_images = 7,
  opt_scheme = 'broyden',
  CI_scheme = 'auto',
  first_last_opt = .false.,
  minimum_image = .true.,
  ds = 0.2,
  k_min = 0.1,
  k_max = 0.3,
  path_thr = 0.03,
/
END_PATH_INPUT
BEGIN_ENGINE_INPUT
&CONTROL
  etot_conv_thr =   1.0000000000d-04
  forc_conv_thr =   1.0000000000d-03
  outdir = './out/'
  prefix = 'sb2te3'
  pseudo_dir = '/data/pclancy3/yi/ONCVPseudoPack/SG15_v1.2/UPF/PBE/'
  verbosity = 'high'
  max_seconds = 171000
/
&SYSTEM
  vdw_corr = 'DFT-D3' !
  degauss =   1.4699723600d-02
  ecutrho =   200
  ecutwfc =   50
  ibrav = 0 !A =    4.30392
  nat = 61 ! interstitial
  ntyp = 3 ! Cr added
  occupations = 'smearing'
  smearing = 'cold'
/
&ELECTRONS
  conv_thr =   1.0000000000d-06
  electron_maxstep = 400
  mixing_beta =   0.4
/
ATOMIC_SPECIES
  Cr   51.99610  Cr_PBE_FR.SG15v1.2.UPF
  Sb  121.76000  Sb_PBE_FR.SG15v1.2.UPF
  Te  127.60000  Te_PBE_FR.SG15v1.2.UPF
K_POINTS gamma
CELL_PARAMETERS angstrom
8.42843558953249 0.00000000000000 0.00000000000000 ! TMi2-1,  2, after_relax.in
-4.21421779476624 7.29923593142487 0.00000000000000
0.00000000000000 0.00000000000000 31.03344084160948
BEGIN_POSITIONS
FIRST_IMAGE
ATOMIC_POSITIONS angstrom
Te  2.1074460100  1.2135401900  3.4125433700
Te  0.0027664000 -2.4318684200  3.4125433700
Te -2.1082421100  1.2171941900  3.3853835600
Te  4.2132053100 -2.4324917800  3.4110787800
Te -0.1476753200  0.0852604300  6.9778925700
Te -2.1117282400 -3.6469492400  7.0587468500
Te -4.0716558600  0.0248559600  6.9781259200
Te -2.0573538400  3.5137294300  6.9781259200
Te  0.0004955200 -0.0002860900  0.0026828800
Te -2.1074759900 -3.6494042900 -0.0030844100
Te -4.2138906200 -0.0000906000  0.0005711500
Te  2.1073509100 -3.6498542500  0.0005711500
Te  0.1774195800  2.4789774400  13.7897503600
Te -2.0581476000 -1.3931351900  13.7897503600
Te -4.4571459100  2.5733344900  13.9225318700
Te  2.1047020900 -1.2151468800  13.8922857100
Te  2.0944003700  1.0235444800 -13.8886551600
Te  0.1607846500 -2.3255727400 -13.8886551600
Te -2.0411779500  1.1784746900 -13.9168819800
Te  4.3593760200 -2.5168835100 -14.1159349200
Te  2.1520341000  1.0956867700  10.3889970800
Te  0.1271244600 -2.4115561400  10.3889970800
Te -2.1082678000  1.2172090200  10.4773173800
Te  4.0896533600 -2.3611590000  10.4081035400
Te  0.2855333800 -0.1648528500 -7.0490811600
Te -2.0397934600 -3.6884808300 -7.1117953500
Te  4.0640501500  0.0455297100 -6.9184558000
Te  1.9925951700 -3.5423320100 -6.9184558000
Te  0.0000910100  2.4321297100 -3.4249593400
Te -2.1062405800 -1.2161402100 -3.4249593400
Te -4.2148401200  2.4334391200 -3.4028413200
Te  2.1072389600 -1.2166115400 -3.3897723000
Te -0.0218015900  2.4702023600 -10.3579549500
Te -2.1501587400 -1.2162169800 -10.3579549500
Te -3.9750796100  2.2950132600 -10.4382048400
Te  2.1821573700 -1.2598657200 -10.5119970200
Sb  0.0039194400  2.4182566900  8.6195061800
Sb -2.0923119800 -1.2125192200  8.6195061800
Sb -4.1883236300  2.4181298100  8.5650254400
Sb  2.1117072700 -1.2191913200  8.3620349000
Sb  0.0023669000  2.4352991800  1.8370573500
Sb -2.1078474700 -1.2196959200  1.8370573500
Sb -4.2170103100  2.4346920800  1.8348270000
Sb  2.1083935500 -1.2172781400  1.8381674300
Sb -0.0889826500  0.0513741800 -12.1453474100
Sb -1.9027279800 -3.7676156400 -12.0900240000
Sb -4.0952262700 -0.1231637700 -12.3269028600
Sb -1.9409502300  3.6081518700 -12.3269028600
Sb  0.0360740000 -0.0208273400  12.2250329600
Sb -2.1035910600 -3.6516472600  12.0128334100
Sb  4.2038675000 -0.0065902300  12.3204779800
Sb  2.1076410300 -3.6373574700  12.3204779800
Sb  2.1050092100  1.2153806900 -1.8299873900
Sb -0.0000459200 -2.4306783400 -1.8299873900
Sb -2.1058750600  1.2158275700 -1.8447797600
Sb  4.2140581000 -2.4329841400 -1.8414948700
Sb  2.1810699500  1.1898944100 -8.6996367900
Sb  0.0600562100 -2.4838057600 -8.6996367900
Sb -2.0475142200  1.1821329100 -8.2215138200
Sb  4.1266909700 -2.3825426700 -8.4631773900
Cr -1.8813791100 -3.7799410200  16.4722805600
INTERMEDIATE_IMAGE
ATOMIC_POSITIONS angstrom
Te  2.1075179700  1.2131486000  3.3780219000
Te  0.0031416400 -2.4317349200  3.3780217900
Te -2.1086564000  1.2174335400  3.3421744200
Te  4.2138189300 -2.4328461100  3.3762724700
Te -0.2053641200  0.1185672000  7.0322648600
Te -2.1129290500 -3.6462560200  7.1447629600
Te -4.0158789500  0.0317618600  7.0330167700
Te -2.0354459800  3.4619722300  7.0330169100
Te  0.0005110100 -0.0002948700  0.0038469600
Te -2.1077776900 -3.6492301200 -0.0043271500
Te -4.2134303800 -0.0001422700  0.0003667200
Te  2.1076259200 -3.6502269400  0.0003667300
Te  0.2339198500  2.4858259700  13.7283698000
Te -2.0358284100 -1.4454902300  13.7283699300
Te -4.5487413700  2.6262172300  13.9230093100
Te  2.1038493400 -1.2146546500  13.9092501300
Te  2.0894424100  0.9002048600 -13.8745647200
Te  0.2651210300 -2.2596092500 -13.8745648100
Te -2.0266759700  1.1701020200 -13.9512324400
Te  4.4096504500 -2.5459096000 -14.2049378500
Te  2.1742206400  1.0398096700  10.3981574900
Te  0.1866088300 -2.4028317900  10.3981574400
Te -2.1105156400  1.2185069400  10.5356035600
Te  4.0305893600 -2.3270585200  10.4287152700
Te  0.4081363100 -0.2356375400 -7.1412225400
Te -2.0124977700 -3.7042399900 -7.2258964900
Te  4.0070748600  0.0692508700 -6.9427714500
Te  1.9435645500 -3.5048504700 -6.9427715700
Te  0.0011066000  2.4321140900 -3.3953556200
Te -2.1057192700 -1.2170120800 -3.3953557300
Te -4.2160688100  2.4341484800 -3.3644107300
Te  2.1071918300 -1.2165844700 -3.3482178500
Te -0.0296076600  2.4896829400 -10.3513156400
Te -2.1709324500 -1.2191971300 -10.3513155600
Te -3.8568033100  2.2267264200 -10.4765520800
Te  2.2165978500 -1.2797501000 -10.5851053100
Sb  0.0182003100  2.4182065600  8.7234291100
Sb -2.0851281000 -1.2248618900  8.7234292000
Sb -4.1863888200  2.4170127600  8.6400683800
Sb  2.1113600900 -1.2189910000  8.3490167400
Sb  0.0045263000  2.4366568700  1.7938516200
Sb -2.1079434900 -1.2222450300  1.7938516400
Sb -4.2192716800  2.4359977600  1.7908400600
Sb  2.1089541900 -1.2176020300  1.7966977200
Sb -0.1157166900  0.0668092600 -12.0732063500
Sb -1.8111120400 -3.8205102300 -11.8975398400
Sb -4.0606176900 -0.1980441900 -12.3498763600
Sb -1.8587975100  3.6156201600 -12.3498763000
Sb  0.0307944400 -0.0177790300  12.2041137900
Sb -2.1060643300 -3.6502193600  11.8575637700
Sb  4.2229358800  0.0043099600  12.3459781400
Sb  2.1077355100 -3.6593212100  12.3459781800
Sb  2.1033826200  1.2161437600 -1.7841324100
Sb -0.0015199000 -2.4296512600 -1.7841324700
Sb -2.1043814300  1.2149653800 -1.8067157300
Sb  4.2156169700 -2.4338842900 -1.8007856500
Sb  2.2169809500  1.1957892500 -8.8424171400
Sb  0.0729067200 -2.5178531400 -8.8424172400
Sb -2.0153716300  1.1635754500 -8.1484461800
Sb  4.0997601000 -2.3669942900 -8.4877072000
Cr -1.7306565600 -3.8669606800  16.8511444100
INTERMEDIATE_IMAGE
ATOMIC_POSITIONS angstrom
Te  2.1068779900  1.2130989800  3.3586822300
Te  0.0028646300 -2.4311558700  3.3586821300
Te -2.1077528000  1.2169118500  3.3237060600
Te  4.2155734400 -2.4338590700  3.3565115900
Te -0.2069627300  0.1194901500  7.0370707800
Te -2.1107232900 -3.6475295200  7.1581107800
Te -4.0219569900  0.0296430600  7.0537186500
Te -2.0366500600  3.4682953700  7.0537187900
Te  0.0019208900 -0.0011088600  0.0027910900
Te -2.1067611100 -3.6498170400 -0.0042337100
Te -4.2134133000  0.0005680700  0.0002248600
Te  2.1070193000 -3.6505968900  0.0002248700
Te  0.2218272000  2.4787251300  13.7051875000
Te -2.0357252300 -1.4314672600  13.7051876400
Te -4.5666959000  2.6365832900  13.8805283100
Te  2.1054648000 -1.2155873300  13.8820683200
Te  2.0795537000  0.8193829000 -13.8522330000
Te  0.3301705200 -2.2106343600 -13.8522330900
Te -2.1550513500  1.2442196100 -13.9371376400
Te  4.4166257300 -2.5499367700 -14.1840686800
Te  2.1724779900  1.0461259000  10.3984021600
Te  0.1802674900 -2.4044807200  10.3984021000
Te -2.1090669000  1.2176705200  10.5325892700
Te  4.0224335700 -2.3223497700  10.4178444000
Te  0.4199925000 -0.2424827100 -7.1807007200
Te -2.0188325600 -3.7005825900 -7.2401547400
Te  3.9969213600  0.0603066300 -6.9665723300
Te  1.9462337500 -3.4915851500 -6.9665724600
Te  0.0009521000  2.4331216300 -3.3776155600
Te -2.1066690800 -1.2173820500 -3.3776156700
Te -4.2142891300  2.4331209800 -3.3481271700
Te  2.1083094600 -1.2172297400 -3.3289742800
Te -0.0334190300  2.4869731400 -10.3300965700
Te -2.1704913900 -1.2145414900 -10.3300964800
Te -3.8536415000  2.2249009500 -10.4840641000
Te  2.2001863900 -1.2702749500 -10.5637936300
Sb  0.0221419400  2.4160032100  8.7339640300
Sb -2.0812491300 -1.2271737800  8.7339641100
Sb -4.1889846300  2.4185114500  8.6564271900
Sb  2.0996864200 -1.2122512100  8.3653903700
Sb  0.0050602200  2.4363156400  1.7801237700
Sb -2.1073810100 -1.2225368000  1.7801238000
Sb -4.2189238900  2.4357969700  1.7786095700
Sb  2.1096125900 -1.2179821600  1.7839706700
Sb -0.1624510400  0.0937913700 -12.0168518300
Sb -1.8184355400 -3.8162820300 -11.9220919000
Sb -4.0884378400 -0.2376872100 -12.3048244800
Sb -1.8383757400  3.6595346400 -12.3048244100
Sb  0.0247977700 -0.0143168400  12.1890659800
Sb -2.1334661800 -3.6343988800  11.8301285300
Sb  4.2316849900 -0.0004694300  12.3321156200
Sb  2.1162491400 -3.6645084700  12.3321156600
Sb  2.1038960200  1.2160088100 -1.7713843200
Sb -0.0011463300 -2.4300284100 -1.7713844000
Sb -2.1037163300  1.2145813900 -1.7937095400
Sb  4.2161163700 -2.4341726200 -1.7854997000
Sb  2.2279402500  1.2181357400 -8.8579339800
Sb  0.0590337600 -2.5385174200 -8.8579341000
Sb -2.0140565600  1.1628162000 -8.1580397300
Sb  4.0897004500 -2.3611863600 -8.4989944400
Cr -1.3827624600 -4.0678174900  16.8858024100
INTERMEDIATE_IMAGE
ATOMIC_POSITIONS angstrom
Te  2.1053464300  1.2136134000  3.3727539100
Te  0.0016533400 -2.4300867000  3.3727538000
Te -2.1052633800  1.2154745800  3.3501092900
Te  4.2191253000 -2.4359097400  3.3702033800
Te -0.1439842100  0.0831294700  6.9678717400
Te -2.1037894000 -3.6515328000  7.0756494000
Te -4.0990991600  0.0163688300  7.0194195500
Te -2.0637253400  3.5417396000  7.0194196800
Te  0.0049388900 -0.0028513100 -0.0008652600
Te -2.1042452600 -3.6512695700 -0.0025698600
Te -4.2137211800  0.0021988500 -0.0001833700
Te  2.1054530500 -3.6511456600 -0.0001833600
Te  0.1277497400  2.4516699700  13.7346121900
Te -2.0593335100 -1.3364661800  13.7346123400
Te -4.4992229900  2.5976277700  13.7872030600
Te  2.1100924200 -1.2182591000  13.8213029200
Te  2.0573723000  0.7812411200 -13.8311648700
Te  0.3521114900 -2.1723538200 -13.8311649300
Te -2.4820163300  1.4329930100 -13.9054451100
Te  4.3331439000 -2.5017385100 -14.0632022800
Te  2.1453263100  1.1183873400  10.3862904900
Te  0.1041114300 -2.4170973900  10.3862904300
Te -2.1040954000  1.2148002100  10.4649387100
Te  4.0653339000 -2.3471182900  10.3702776000
Te  0.3115343400 -0.1798643400 -7.1494221600
Te -2.0651084300 -3.6738652000 -7.1327094200
Te  4.0407186200  0.0142877400 -6.9696883200
Te  2.0079859100 -3.5065052400 -6.9696884700
Te -0.0002077800  2.4353619400 -3.3893583800
Te -2.1091891800 -1.2174977100 -3.3893584900
Te -4.2093336600  2.4302599400 -3.3733944400
Te  2.1107918400 -1.2186629400 -3.3515228600
Te -0.0350779000  2.4612829400 -10.2881746100
Te -2.1490724700 -1.2002598100 -10.2881745500
Te -3.9644803900  2.2888938300 -10.4641265100
Te  2.1268386600 -1.2279276200 -10.4427704100
Sb  0.0182400100  2.4126410600  8.6564066100
Sb -2.0802883900 -1.2221135200  8.6564066800
Sb -4.1980811400  2.4237633300  8.6204379100
Sb  2.0725704100 -1.1965957700  8.4188030100
Sb  0.0046966700  2.4343536200  1.7910995700
Sb -2.1058636400 -1.2212409500  1.7910996000
Sb -4.2164376700  2.4343615500  1.7938925500
Sb  2.1104061200 -1.2184403000  1.7957800300
Sb -0.2312141200  0.1334917700 -11.9498279800
Sb -1.8781491000 -3.7818063400 -12.3506463000
Sb -4.1911685900 -0.2461126700 -12.1716593500
Sb -1.8824444600  3.7527148500 -12.1716592900
Sb  0.0134430600 -0.0077612000  12.1789415100
Sb -2.1947527200 -3.5990150700  11.9279309000
Sb  4.2352210300 -0.0204429100  12.2762779900
Sb  2.1353147000 -3.6575840400  12.2762780400
Sb  2.1063003500  1.2158826300 -1.7877091700
Sb  0.0001651000 -2.4320475200 -1.7877092400
Sb -2.1032024800  1.2142847200 -1.8015317600
Sb  4.2167236600 -2.4345232400 -1.7906561100
Sb  2.2139132300  1.2670739100 -8.7486903200
Sb  0.0096385800 -2.5508387400 -8.7486904200
Sb -2.0428687300  1.1794509400 -8.2629482200
Sb  4.1008097300 -2.3676003400 -8.5033766700
Cr -0.7256357900 -4.4472099900  16.7430665300
INTERMEDIATE_IMAGE
ATOMIC_POSITIONS angstrom
Te  2.1067844500  1.2140930700  3.4044102700
Te  0.0019569500 -2.4315719000  3.4044101700
Te -2.1072029500  1.2165943800  3.3895237800
Te  4.2180204100 -2.4352718300  3.3982720600
Te -0.1009056300  0.0582580200  6.9159510100
Te -2.1073146700 -3.6494974900  6.9953628700
Te -4.1515232500 -0.0033410500  6.9696646400
Te -2.0728681400  3.5969951500  6.9696647700
Te  0.0040089200 -0.0023144000 -0.0033616200
Te -2.1058386900 -3.6503496000 -0.0021715100
Te -4.2132174300  0.0010210300 -0.0012634000
Te  2.1067249400 -3.6509930100 -0.0012633900
Te  0.0622237700  2.4249900600  13.7659031700
Te -2.0689910200 -1.2663790300  13.7659033100
Te -4.4255551500  2.5550956000  13.8569064600
Te  2.1098424300 -1.2181147700  13.7917132900
Te  2.0175279100  0.8082710100 -13.9220240200
Te  0.3087807000 -2.1513625100 -13.9220240800
Te -2.3866553500  1.3779363100 -13.9696376700
Te  4.3268540700 -2.4981070900 -13.9431467200
Te  2.1339889100  1.1723458800  10.3748097300
Te  0.0517132700 -2.4342581700  10.3748096800
Te -2.1060961100  1.2159553200  10.4120493800
Te  4.1102131000 -2.3730293100  10.3541684400
Te  0.1921252500 -0.1109234600 -7.0384489500
Te -2.1136274600 -3.6458527100 -7.0123698300
Te  4.0952253200 -0.0126873400 -6.9329899300
Te  2.0586003500 -3.5402218900 -6.9329900900
Te  0.0004582500  2.4323863400 -3.4193036100
Te -2.1062792200 -1.2165867100 -3.4193037200
Te -4.2098065700  2.4305329700 -3.4095895800
Te  2.1073607100 -1.2166819700 -3.3957388900
Te -0.0353951400  2.4497988300 -10.2675648900
Te -2.1392856000 -1.1942430300 -10.2675648700
Te -4.0677385100  2.3485099500 -10.3874123100
Te  2.0838282100 -1.2030955000 -10.3438903600
Sb  0.0127000500  2.4167280300  8.5970882000
Sb -2.0865977900 -1.2193592500  8.5970882600
Sb -4.2041170700  2.4272481800  8.5562714900
Sb  2.0719143600 -1.1962170000  8.4573711800
Sb  0.0034338300  2.4335433200  1.8146977600
Sb -2.1057933200 -1.2197421500  1.8146977800
Sb -4.2153327800  2.4337236400  1.8149119400
Sb  2.1095713700 -1.2179583500  1.8170724400
Sb -0.2301088300  0.1328536300 -11.8905046000
Sb -1.8102319200 -3.8210183300 -12.5955968200
Sb -4.2973127200 -0.1680847100 -12.2173861500
Sb -2.0030906700  3.8056244500 -12.2173861400
Sb  0.0067512200 -0.0038976800  12.1590997000
Sb -2.1884933600 -3.6026289000  12.0558955100
Sb  4.2323978300 -0.0155623200  12.2671400800
Sb  2.1296763700 -3.6575793700  12.2671401400
Sb  2.1058225200  1.2151737600 -1.8115460800
Sb  0.0005400800 -2.4312792700 -1.8115461400
Sb -2.1027572600  1.2140276600 -1.8199190100
Sb  4.2162430100 -2.4342457300 -1.8177836800
Sb  2.1688336700  1.2754487500 -8.6333715500
Sb -0.0201540100 -2.5159860900 -8.6333716300
Sb -2.0685570700  1.1942821400 -8.3614906200
Sb  4.1225184000 -2.3801338600 -8.4540352800
Cr -0.2681028700 -4.7113668500  16.7179430000
INTERMEDIATE_IMAGE
ATOMIC_POSITIONS angstrom
Te  2.1109256700  1.2145306100  3.4531302500
Te  0.0036486400 -2.4353770800  3.4531301400
Te -2.1131915200  1.2200518800  3.4407312800
Te  4.2124732000 -2.4320691500  3.4407672200
Te -0.0816505400  0.0471410900  6.8833893300
Te -2.1206195300 -3.6418159200  6.9228242700
Te -4.1737160000 -0.0263827200  6.9066427000
Te -2.0640098500  3.6277354700  6.9066428200
Te -0.0007118900  0.0004111500 -0.0044644800
Te -2.1111567700 -3.6472792100 -0.0029531600
Te -4.2120158500 -0.0026935600 -0.0026925200
Te  2.1105426500 -3.6501763200 -0.0026925100
Te  0.0330311500  2.4041464600  13.7974417100
Te -2.0655362500 -1.2306756700  13.7974418400
Te -4.3507332400  2.5118971400  14.0868885800
Te  2.1052724700 -1.2154763000  13.8000487400
Te  1.9384043000  0.8839532300 -14.1093630100
Te  0.2036761900 -2.1206805500 -14.1093630700
Te -1.9749979800  1.1402657200 -14.1382928500
Te  4.3837653300 -2.5309648400 -13.8258067300
Te  2.1385745800  1.2015927400  10.3646139400
Te  0.0286775900 -2.4528529000  10.3646139000
Te -2.1141641900  1.2206134300  10.3792196200
Te  4.1509092400 -2.3965252300  10.3693046900
Te  0.0732244500 -0.0422760500 -6.8599471100
Te -2.1573808700 -3.6205916500 -6.8869669200
Te  4.1553045900 -0.0177290000 -6.8569001000
Te  2.0930061800 -3.5897312400 -6.8569002500
Te  0.0027657800  2.4248085500 -3.4668270400
Te -2.0985629000 -1.2147961900 -3.4668271400
Te -4.2156086500  2.4338828100 -3.4557872200
Te  2.0986700200 -1.2116643900 -3.4595468400
Te -0.0315982800  2.4467702400 -10.2644152000
Te -2.1347643800 -1.1960169200 -10.2644152300
Te -4.1574454300  2.4003022800 -10.2580803400
Te  2.0697634600 -1.1949751800 -10.2730938000
Sb  0.0058874800  2.4274045500  8.5588183900
Sb -2.0992502100 -1.2187976500  8.5588184600
Sb -4.2066141200  2.4286898500  8.4694390200
Sb  2.0976149800 -1.2110552600  8.4749168900
Sb  0.0013409400  2.4340265700  1.8504276400
Sb -2.1072582600 -1.2181712600  1.8504276600
Sb -4.2156536200  2.4339088700  1.8417286200
Sb  2.1073114000 -1.2166535500  1.8477569300
Sb -0.1584343000  0.0914722800 -11.8548398800
Sb -1.6770851200 -3.8978906800 -12.6579330600
Sb -4.3838572300 -0.0109967900 -12.4498857300
Sb -2.1824050100  3.8020302700 -12.4498857700
Sb  0.0053685000 -0.0030993700  12.1356232200
Sb -2.1146707300 -3.6452504300  12.2026328400
Sb  4.2235200400  0.0136348000  12.3068284500
Sb  2.0999520300 -3.6644895500  12.3068285400
Sb  2.1024720400  1.2139380800 -1.8427746600
Sb -0.0000650300 -2.4277598200 -1.8427747100
Sb -2.1023546000  1.2137951800 -1.8491159300
Sb  4.2147355900 -2.4333754000 -1.8659301700
Sb  2.0995939000  1.2426060300 -8.5256333200
Sb -0.0263312700 -2.4396013000 -8.5256333600
Sb -2.0870010000  1.2049307700 -8.4420932600
Sb  4.1532251800 -2.3978624400 -8.3523686700
Cr  0.0964784000 -4.9218579200  16.8341506300
LAST_IMAGE
ATOMIC_POSITIONS angstrom
Te  2.1087092100  1.2174638300  3.5837357100
Te  0.0000000300 -2.4349242000  3.5837357100
Te -2.1087091400  1.2174638300  3.5837357100
Te  4.2142177900 -2.4330763400  3.5786698300
Te -0.0000000000  0.0000000000  6.7302373000
Te -2.1118650700 -3.6468702500  6.7580758200
Te -4.2142177600 -0.0054919700  6.7580758200
Te -2.1023527300  3.6523656800  6.7580758200
Te  0.0000000000  0.0000000000 -0.0054772800
Te -2.1078221100 -3.6492044500  0.0030337300
Te -4.2142177600 -0.0008235700  0.0030337300
Te  2.1078221100 -3.6492044500  0.0030337300
Te  0.0000000000  2.4426282900  13.9327525500
Te -2.1153781200 -1.2213106900  13.9327525500
Te -4.2142177600  2.4330798000  14.1155180400
Te  2.1153781200 -1.2213106900  13.9327525500
Te  1.9710426200  1.1379819900 -14.2517170100
Te  0.0000000300 -2.2759605200 -14.2517170100
Te -1.9710425500  1.1379819900 -14.2517170100
Te  4.2142177900 -2.4330763400 -13.9129999000
Te  2.1038161200  1.2146388000  10.3371003700
Te  0.0000000300 -2.4292741500  10.3371003700
Te -2.1038160600  1.2146388000  10.3371003700
Te  4.2142177900 -2.4330763400  10.3292845400
Te  0.0000000000 -0.0000000000 -6.7469950900
Te -2.1164366000 -3.6442308700 -6.6946121400
Te  4.2142178300 -0.0107707300 -6.6946121400
Te  2.1164366000 -3.6442308700 -6.6946121400
Te -0.0000000000  2.4304552300 -3.5955283400
Te -2.1048359400 -1.2152241500 -3.5955283400
Te -4.2142177600  2.4330798000 -3.5949862900
Te  2.1048359400 -1.2152241500 -3.5955283400
Te -0.0000000000  2.4048842500 -10.3072142000
Te -2.0826908300 -1.2024386600 -10.3072142000
Te -4.2142177600  2.4330798000 -10.2680599900
Te  2.0826908300 -1.2024386600 -10.3072142000
Sb  0.0000000000  2.4273957500  8.3992652200
Sb -2.1021863500 -1.2136944200  8.3992652200
Sb -4.2142177600  2.4330798000  8.3579833700
Sb  2.1021863500 -1.2136944200  8.3992652200
Sb  0.0000000000  2.4378118900  1.9601573500
Sb -2.1112069900 -1.2189024800  1.9601573500
Sb -4.2142177600  2.4330798000  1.9561362700
Sb  2.1112069900 -1.2189024800  1.9601573500
Sb -0.0000000000  0.0000000000 -11.9714241700
Sb -1.9932170500 -3.7153717200 -12.4769034300
Sb -4.2142177600  0.1315109700 -12.4769034300
Sb -2.2210006800  3.5838642100 -12.4769034300
Sb  0.0000000000 -0.0000000000  12.2835769500
Sb -2.1130275500 -3.6461990900  12.3409227700
Sb  4.2142178300 -0.0068342900  12.3409227700
Sb  2.1130275500 -3.6461990900  12.3409227700
Sb  2.1002486000  1.2125790900 -1.9613699800
Sb  0.0000000300 -2.4251547200 -1.9613699800
Sb -2.1002485300  1.2125790900 -1.9613699800
Sb  4.2142177900 -2.4330763400 -1.9702753300
Sb  2.1012615000  1.2131639000 -8.4042386600
Sb  0.0000000300 -2.4263243300 -8.4042386600
Sb -2.1012614400  1.2131639000 -8.4042386600
Sb  4.2142177900 -2.4330763400 -8.1699142000
Cr  0.0000000300 -4.8661561300  16.7163275400
END_POSITIONS
END_ENGINE_INPUT
END
