BEGIN
BEGIN_PATH_INPUT
&PATH
  string_method = 'neb',
  restart_mode = 'from_scratch',
  nstep_path = 1000,
  num_of_images = 10,
  opt_scheme = 'broyden',
  CI_scheme = 'auto',
  first_last_opt = .false.,
  minimum_image = .true.,
  ds = 0.2,
  k_min = 0.1,
  k_max = 0.3,
  path_thr = 0.03,
/
END_PATH_INPUT
BEGIN_ENGINE_INPUT
&CONTROL
  etot_conv_thr = 1.0000000000d-04
  forc_conv_thr = 1.0000000000d-03
  outdir = './out/'
  prefix = 'sb2te3'
  pseudo_dir = '/home/ycao73/ONCVPseudoPack/SG15_v1.2/UPF/PBE/'
  verbosity = 'high'
  max_seconds = 250000
/
&SYSTEM
  vdw_corr = 'DFT-D3'
  degauss = 0.00500
  ecutrho = 280
  ecutwfc = 70
  ibrav = 0
  nat = 81
  ntyp = 3
  occupations = 'smearing'
  smearing = 'cold'
/
&ELECTRONS
  conv_thr = 1.0000000000d-06
  electron_maxstep = 400
  mixing_beta = 0.4
/
ATOMIC_SPECIES
  Cr 51.99600 Cr_PBE_FR.SG15v1.2.UPF
  Sb 121.76000 Sb_PBE_FR.SG15v1.2.UPF
  Te 127.60000 Te_PBE_FR.SG15v1.2.UPF
K_POINTS AUTOMATIC
2 2 2 1 1 1
CELL_PARAMETERS angstrom
  17.10859971872434 0.00000000000000 0.00000000000000
  -4.26916021361244 7.40364387667964 0.00000000000000
  0.08956351952752 0.05165086255083 47.42888785524057
BEGIN_POSITIONS
FIRST_IMAGE
ATOMIC_POSITIONS angstrom
Te  12.8706969400  7.4216674400  15.0073740800
Te  2.1741329300  3.7210699400  15.0078987300
Te  0.0404599700  7.4213217100  15.0078988700
Te  15.0064111200  3.7205020100  15.0028603900
Te  0.0462603700  2.4906071700  22.2948564500
Te  2.1886315500  6.1947194500  22.2783822500
Te  4.3309012900  2.4973331300  22.2952443700
Te -2.0904000000  6.1960395000  22.2948566000
Te  2.1847704700  1.2598119200  25.0403705700
Te  4.3156819000  4.9943298600  25.0548253300
Te  6.4843768200  1.2333429900  25.0548250800
Te  0.0338594400  4.9522161200  25.1564912200
Te  2.1783923200  1.2561308400  18.6394536400
Te  4.3193527400  4.9541863900  18.6447685900
Te  6.4514752500  1.2566235200  18.6447685400
Te  0.0422881000  4.9570717700  18.6466667100
Te  0.0654282800  0.0377224500  32.3767120800
Te  2.1686438100  3.7150410600  32.4392804500
Te  4.3016589300  0.0159348100  32.4392782000
Te -2.0781883200  3.7343316600  32.3905365000
Te  0.0881191700  2.4968306500  28.7471047400
Te  2.1073736900  6.1478664000  28.6169875900
Te  4.4321912900  2.5557457300  28.8049947600
Te -2.0640495500  6.2291571000  28.7471054800
Sb  0.0398400200  2.4891761900  16.6970899100
Sb  2.1851039800  6.1926918600  16.6981649800
Sb  4.3207008900  2.4914585600  16.6977734400
Sb -2.0948620200  6.1912137800  16.6970900900
Sb  0.0788197700  0.0454510200  26.8018602900
Sb  2.1863877600  3.7225197500  26.7936601800
Sb  4.3170120400  0.0275550500  26.7936602100
Sb  6.4835167400  3.7386093200  26.6559827500
Sb  12.8816809700  7.4279929800  20.5863496600
Sb  2.1805618400  3.7222930300  20.5891550700
Sb  4.3139024300  0.0226191900  20.5891550300
Sb  15.0191885600  3.7278606300  20.5967908400
Sb  2.2309497700  1.2864346900  30.7164046200
Sb  4.1882198700  5.0664262100  30.7390189600
Sb  6.4829302000  1.0869035700  30.7390144700
Sb  0.0408731700  4.9562532600  30.7116839800
Te  4.3165170200  7.4217367400  15.0092958900
Te  10.7266959700  3.7209003400  15.0070657700
Te  8.5937441300  7.4199018500  15.0070660100
Te  6.4488005700  3.7185929300  15.0051645400
Te  8.6156199300  2.4972468000  22.2828021200
Te  10.7526922100  6.2003469600  22.2812822900
Te  12.8789780700  2.4937444000  22.2841227900
Te  6.4771883300  6.2057496400  22.2828019400
Te  10.7378911000  1.2591346900  25.1154074400
Te  12.8652802400  4.9405701900  25.1320044400
Te  14.9897939100  1.2562011800  25.1320051600
Te  8.6416412700  4.9830565800  25.0494108700
Te  10.7294405500  1.2542557000  18.6353916900
Te  12.8764230000  4.9580849600  18.6367382000
Te  15.0105386300  1.2570659500  18.6367382200
Te  8.5973756400  4.9575259500  18.6383656300
Te  8.6564253800  0.0588871100  32.5073163700
Te  10.7689804200  3.7221340200  32.4159609700
Te  12.8851555000  0.0522273600  32.4159604300
Te  6.4488739100  3.7186253200  32.8971198900
Te  8.5121350100  2.5330468300  28.8146549300
Te  10.8556564300  6.2597258000  28.6845427200
Te  12.8551273600  2.4799975100  28.7639255100
Te  6.4563289400  6.0982571700  28.8146558200
Sb  8.5950591200  2.4922210100  16.7001550100
Sb  10.7371771800  6.1914078800  16.7073297300
Sb  12.8727578400  2.4901647200  16.6944156500
Sb  6.4625346700  6.1904816300  16.7001553700
Sb  8.5685271000  0.0082058400  26.7687386200
Sb  10.7487352000  3.7458145000  26.7944313000
Sb  12.8955030900  0.0228524500  26.7944325300
Sb -2.1117101500  3.7150088300  26.8639801000
Sb  8.6007170700  0.0267613500  20.5827287500
Sb  10.7449575200  3.7272670500  20.5841847800
Sb  12.8775648000  0.0288643000  20.5841849100
Sb  6.4631802500  3.7268763800  20.5930691700
Sb  10.7171594700  1.2471740000  30.7506038900
Sb  12.8913142500  4.9710818500  30.6981715300
Sb  15.0292480100  1.2634397400  30.6981699900
Sb  8.7480866700  5.0444306800  30.6872766400
Cr  6.4523308000  3.7206204200  30.5241529900
INTERMEDIATE_IMAGE
ATOMIC_POSITIONS angstrom
Te  12.9972879400  6.5948213500  14.7300342700
Te  2.1430596200  3.8338522900  15.5863645800
Te  0.1541384600  7.2946476600  15.0276619100
Te  14.5882448800  4.3764176400  15.1466086700
Te  0.0308891000  2.6883288400  23.0325544400
Te  2.2683635000  6.3030314800  22.3937829000
Te  4.2408683700  2.4339303100  22.5891779600
Te -3.7156060700  5.7589797000  24.8944412800
Te  2.1903571900  0.7679953200  24.9595148800
Te  4.4154789800  5.3449952800  24.6742271500
Te  6.4670169300  1.1980301400  25.0117458000
Te  0.1723456400  4.9044526500  24.6541731900
Te  2.0752593300  1.1176494400  19.0334259500
Te  4.2761510400  4.9728637900  19.0792370600
Te  6.4039146200  0.7769985000  19.0969620600
Te -0.0109019300  5.5415506200  19.1430220000
Te -0.0294576100  0.9264986500  32.5003940100
Te  2.3865642700  3.8514158200  31.8620036700
Te  4.2744572900  0.0270840000  32.5229018100
Te -1.8135265900  2.7598439900  31.5702851600
Te  0.2937268200  2.3138615600  28.2531885600
Te  2.0845570800  6.0937142300  28.1653806900
Te  4.3149348000  2.4121110900  28.5164903100
Te -2.1623548000  5.7587363800  28.2987445600
Sb -0.1613638800  3.4181968500  17.2660022700
Sb  2.4466167900  6.5355167100  16.6107608800
Sb  4.1410520700  2.6372096100  17.4529161900
Sb -1.5645923200  5.8980495100  16.7018511900
Sb  1.2528805700 -0.3883076400  27.4000834500
Sb  2.2924103000  3.7176114200  26.4831811200
Sb  4.1102385100 -0.0719433600  26.9569841100
Sb  6.4472034900  3.9633018700  26.2414193700
Sb  13.6252937500  6.7660209000  21.1924273900
Sb  2.0181648000  3.8587551600  21.0960616400
Sb  4.0794882800  0.2128136200  20.7983905000
Sb  14.8988300300  4.2145687900  20.8342684900
Sb  2.2875171300  1.2438489900  30.7549983000
Sb  4.1005005500  5.4362130900  30.1145018700
Sb  6.4675047500  0.7699343400  30.8967132500
Sb -0.1128823500  4.6342717900  30.0400703700
Te  4.4370245200  7.2425546300  14.7424983900
Te  10.5034246800  3.5166370100  15.2511701800
Te  8.5932320300  7.2927544800  14.8313943300
Te  6.3664907300  3.7239694100  15.4051427900
Te  8.7542444000  2.4437719800  22.5669943400
Te  11.3776638900  6.0631139800  22.7392523200
Te  13.2656937600  2.4039796100  22.4042974200
Te  6.2424386800  6.1140905100  22.5211268800
Te  10.7815727500  1.0562348800  25.1841344900
Te  12.8027882800  5.1229483200  24.9698837400
Te  14.8238211700  0.4351753600  25.6384631700
Te  8.6739132600  5.1285243100  24.9054796200
Te  10.8767408700  1.0400061100  18.9648528800
Te  13.0115014800  4.9242572600  18.7819303600
Te  15.2175404100  1.3997163100  18.5769724500
Te  8.6549592900  4.9602821300  18.9558403600
Te  8.6949774700  0.0401513400  32.5439614800
Te  10.5191337900  3.7170839600  32.0617942300
Te  12.9248585600 -0.0186334700  32.0352131500
Te  6.3959717200  3.5293776400  31.6439319000
Te  8.5729383600  2.4872212300  28.5674480300
Te  10.6787732100  6.2672719500  28.5513532900
Te  13.2004435500  2.8628967900  28.5931106500
Te  6.5446220500  6.6474028700  28.3116280800
Sb  8.4728281100  2.7165351000  17.1289732800
Sb  10.6705288100  6.1151687100  16.3863259800
Sb  13.0598418600  2.6431865200  16.8415859300
Sb  6.4984524700  6.3434164600  16.5150204400
Sb  8.5131742200  0.2856677800  26.7135214100
Sb  10.6803334300  3.8950126800  26.5439496600
Sb  12.8071828000  0.0035459500  27.2665698000
Sb -2.1769611300  3.9678636400  26.1555194200
Sb  8.7027065300  0.2178701200  20.7785768600
Sb  10.8477971400  3.6637057100  20.6859301700
Sb  13.4097786300  0.3418921600  20.3884204700
Sb  6.4228455700  3.7839710100  20.8964326800
Sb  10.5869359000  1.1530901100  30.7630501400
Sb  12.4280839100  4.9946519700  30.4370525600
Sb  14.4422152900  0.5671304700  29.8238812600
Sb  8.3755984400  5.6776020600  30.2617039900
Cr  6.4129986600  4.0657798700  28.9950344500
INTERMEDIATE_IMAGE
ATOMIC_POSITIONS angstrom
Te  12.7387182000  6.1113382400  14.3129123000
Te  1.9008377800  4.0286207000  16.2588178100
Te  0.1670652200  7.5824085200  15.5132226800
Te  14.3752431100  3.9562956100  14.8354245600
Te  0.0958314600  2.7407452600  22.8098938800
Te  2.2376596400  6.5885704200  23.2367999500
Te  4.3902602300  2.9568047500  23.0258512200
Te -4.4715939700  5.0654125500  26.0147745200
Te  2.2933457700  0.3936138000  24.8356925400
Te  4.7032862600  6.2321369100  24.6417930000
Te  6.7699682500  1.0101976500  24.7638011500
Te -0.5046510100  4.7356102100  24.6442463000
Te  1.9359824300  1.4964652500  19.8706332500
Te  4.4505937500  5.2666617200  19.3919763000
Te  6.2365065000  0.9128678900  19.5677270800
Te  0.1163941500  6.1843385100  19.7813303900
Te -0.0235551700  0.6216137200  31.7287120300
Te  2.2850937400  4.0826703200  31.0983643100
Te  4.0723704100 -0.0862429100  32.0310925300
Te -1.6743451000  2.8355513200  31.0580431500
Te  0.3525541500  2.2880668900  27.6443284000
Te  2.3701096800  6.2003546700  27.2512548800
Te  4.2965238900  2.5996474500  27.8411360700
Te -3.2454733200  4.1554323200  28.5305869000
Sb -0.3204080100  3.9470359500  18.1016089900
Sb  2.4878375600  6.7715800000  17.0293944100
Sb  4.0021490300  2.8201133900  17.9864470800
Sb -1.5468196900  6.4776255000  17.3934293000
Sb  1.6229882500 -0.5882280800  27.4550792500
Sb  2.2059496400  3.6505080200  25.8460588300
Sb  4.4308734900 -0.0900159600  26.6885863900
Sb  6.7079095100  3.9280303800  25.8293964200
Sb  13.9847064600  6.4436322400  21.0146893600
Sb  2.1978818900  4.3095018800  21.4514126500
Sb  4.0208513300  0.5499426600  21.5709643200
Sb  15.1307474800  3.8584056000  20.4957911400
Sb  2.2983227800  1.2128907100  30.1979363200
Sb  4.2096716800  5.6471317700  29.3722486800
Sb  6.2943759400  0.7346513100  30.4803628000
Sb -0.0490758000  4.5448637100  29.4543512900
Te  4.3913612100  7.1969983100  14.9977407700
Te  10.2238108200  3.2248711400  15.3446538000
Te  8.5403170400  7.0337913800  14.8110282000
Te  6.1501689300  3.6299013100  15.7942063900
Te  8.9896710100  2.5159625700  22.5951155900
Te  11.7943410300  5.8380076000  22.6371147200
Te  13.5156638100  2.0599087700  22.0747745300
Te  6.6617401900  6.4817956300  22.5929382400
Te  11.0043035900  0.8743517500  25.0328691800
Te  13.2878474700  4.3372594800  24.8256085600
Te  14.8556204300  2.0907784900  25.8581614600
Te  9.1586204500  5.0726237500  24.8761944900
Te  10.7947877700  0.8651133200  18.9619775000
Te  13.1638969400  4.7098059700  18.5723766500
Te  15.2018114900  1.0512530400  18.1529162100
Te  8.7744085600  4.9593163900  19.0846153100
Te  8.2503137200 -0.0095109800  32.3941449400
Te  9.9394864700  3.8221901500  31.9244575500
Te  12.3865181600  0.6034898900  32.9255943100
Te  6.1500924800  3.5072230000  31.1339727200
Te  8.6048026400  2.3517262700  28.3426228900
Te  10.8834464000  6.1180358200  28.4370723200
Te  13.2549148200  2.5667684100  29.0304500500
Te  6.6466835200  6.6150861500  27.6579370400
Sb  8.3315457000  2.6143002300  17.4345204900
Sb  10.6559773300  5.8561610700  16.2991104000
Sb  12.9081159700  2.3729358500  16.7154126000
Sb  6.5222917600  6.3115190800  16.6966778600
Sb  8.6959731800  0.0723353800  26.5682654000
Sb  10.9812933900  3.7159879600  26.6200329400
Sb  13.1035807000  0.2153766600  26.8620627500
Sb -2.5011729400  3.0903478800  25.9659933200
Sb  8.6882907900  0.2155283400  20.9441418000
Sb  11.0522043800  3.5524685700  20.6206285100
Sb  13.4558061900  0.0242228500  20.0419914800
Sb  6.5838742200  3.9882278300  21.1312680800
Sb  10.3656356100  1.1435786400  30.9145904500
Sb  12.3745230600  4.7113335700  30.8093301600
Sb  14.1217088000  2.4189239700  31.7858224100
Sb  8.4394837600  5.6526626500  29.8494844900
Cr  6.4932927000  4.0852424800  28.5383270700
INTERMEDIATE_IMAGE
ATOMIC_POSITIONS angstrom
Te  12.8206102500  5.8628353200  14.3480310000
Te  2.1197360500  3.7429290400  16.4251134700
Te  0.2900953500  7.2174377700  15.4918938600
Te  14.4384636800  3.7304234800  15.0224636200
Te  0.2831491200  2.9833794900  23.2475216300
Te  2.2441836300  6.8520443800  22.9608490400
Te  4.5128986900  3.1419610800  23.2640348700
Te -3.3013701800  6.9281620300  25.4221144300
Te  2.4022734900 -0.0557270700  24.9338044800
Te  4.0179516000  6.3565273700  25.0562669100
Te  6.7229112200  0.5551170700  24.7355406200
Te -0.7236827500  5.3007833700  24.6427686300
Te  2.1972636000  1.4134951600  20.1769549400
Te  4.6271174700  5.1944939400  19.5236602900
Te  6.4903882700  0.8147257700  19.9709330200
Te  0.1258674000  5.9473467500  19.7563519900
Te  0.2901304900 -0.0581227800  31.5667963000
Te  2.1821368100  3.3852589100  31.7240050000
Te  4.2664882700 -0.3784838600  30.9511736500
Te -1.7240591800  1.7129854800  31.1320918700
Te -0.2621304200  2.2226522600  26.8591879900
Te  1.6396209300  5.8240296000  28.2815596300
Te  4.1384985000  2.6508177600  27.5562349600
Te -2.7440318800  4.8904174300  29.0602742400
Sb -0.1892151600  3.6345517300  18.1457987000
Sb  2.5679644500  6.5302998300  17.1246096300
Sb  4.1982560700  2.6555822400  18.2595787200
Sb -1.4743140000  6.0931710100  17.3120188600
Sb  0.8733436000 -0.2955941400  27.3148278600
Sb  2.0013320100  4.2979683400  25.8853240600
Sb  4.7065657600 -0.0657709600  26.6588720600
Sb  6.6760260000  4.4332417400  25.8098785600
Sb  13.9182441300  6.7171785800  20.8337140700
Sb  2.2753043500  4.2793351500  21.5777207500
Sb  4.2933777900  0.6165767900  21.9931953500
Sb  15.1345748800  4.1189852800  20.6480876900
Sb  2.2110772700  1.1379377200  29.7668896200
Sb  3.8417897900  5.1305800600  30.3017633200
Sb  6.3391198300  0.8885732000  29.4833780400
Sb -0.1601806700  3.6364188600  29.4802466400
Te  4.4281066600  6.9688981100  15.0483250500
Te  10.3132554400  2.9623700900  15.4193310200
Te  8.5671104100  6.7886236600  14.7481490400
Te  6.2348241100  3.4050046400  15.8935219000
Te  9.1026059300  2.7597920800  23.0111186300
Te  11.7094697500  6.2756672600  22.5044077500
Te  13.6142335500  2.4738329600  22.4535660200
Te  7.1589047500  6.5408035400  22.4237559500
Te  11.0584626000  0.8293562300  25.6224267000
Te  13.1569507100  5.4442995000  24.7693953100
Te  14.9741155900  0.9038052300  26.1299266300
Te  8.7815345300  6.1132302000  24.7399143400
Te  10.8919540500  0.8736426400  19.4295760600
Te  13.1280106600  4.6655449400  18.6557340200
Te  15.2480571100  1.1056464900  18.5653754000
Te  8.8300197700  4.7851830900  19.1050625500
Te  8.3345257000  0.2160563200  31.3868084500
Te  10.2447373600  3.7449000500  31.5621984000
Te  12.5167664900  0.4889918700  31.6666893600
Te  6.1602023900  3.8445937000  31.7589327900
Te  8.4194187900  2.9757958000  27.8171180600
Te  10.4517771600  6.4253698600  28.1622047100
Te  13.2599836500  3.4349048000  28.2122288900
Te  6.0618015300  6.1811722600  27.9540981700
Sb  8.4282700100  2.3998262500  17.5221525400
Sb  10.6774876100  5.6514556800  16.2625776400
Sb  12.9577055500  2.2063557500  16.9457524600
Sb  6.5930536600  6.1170850000  16.7054234000
Sb  8.5749982900  0.2017771300  26.9196028600
Sb  10.9546768800  4.3351153500  26.1749105800
Sb  13.0152327400 -0.6188239900  27.2164643800
Sb -2.9731208400  4.3791564000  26.2960011400
Sb  8.8460281200  0.3290283900  21.5837335100
Sb  11.0910427100  3.6434479200  20.8111451400
Sb  13.5661176200  0.2553145300  20.6002991800
Sb  6.7743596000  3.9420933300  21.2942092000
Sb  10.4554090800  1.3385919500  29.9353341900
Sb  12.2118204900  5.2900210800  30.1179750500
Sb  14.1858090300  0.9574788200  29.4066163600
Sb  8.0993622100  5.3719218100  30.2704523400
Cr  6.0708765900  3.6828917500  29.1043357700
INTERMEDIATE_IMAGE
ATOMIC_POSITIONS angstrom
Te  13.1113674700  6.1932146900  15.2221441000
Te  2.3960275400  3.4727491800  16.3650806900
Te  0.3692997300  6.8132452400  15.3801541600
Te  14.5123046000  3.8187132400  15.4606837700
Te  0.4766970700  2.8443053300  23.7172558500
Te  2.1171124700  6.7008991000  22.9098036700
Te  4.5161164500  3.0315356100  23.3455569700
Te -2.5837464900  7.5640735000  25.7708460800
Te  2.3558053100 -0.1926380900  24.8323610600
Te  3.5827350100  6.2839169600  25.2187958900
Te  6.7174746000 -0.1896979000  24.7047547500
Te -0.7507900600  5.3956553200  24.7337454800
Te  2.3667087500  1.2388244200  20.1595113400
Te  4.5471574300  5.0740824000  19.6163305500
Te  6.6535490500  0.7822930200  20.2380902300
Te  0.1051967800  5.4841082800  19.6665066000
Te  0.1290638800 -0.0194142800  30.8469863600
Te  2.4269575800  3.1197944300  31.9037463400
Te  4.2576054500 -0.4309882600  30.5514783500
Te -1.3910832800  2.2932582100  30.0116304800
Te -0.5986005000  2.0700273700  26.9051652000
Te  1.5559206400  5.8121034300  28.8020021200
Te  4.2920137600  2.6769299900  27.1310927800
Te -2.7380543200  5.0408904000  29.2678010900
Sb  0.0515439400  3.1832034700  18.0035790700
Sb  2.6390137000  6.2794807700  17.0999764800
Sb  4.3952682200  2.4990556100  18.3442253300
Sb -1.3690893500  5.5551660400  17.1301783000
Sb  0.7885643300 -0.3479019700  27.2170545800
Sb  1.6111604400  4.1851168200  26.2280669400
Sb  4.6027711600 -0.1807485000  26.6348347400
Sb  6.5280822900  4.8987317300  25.4901049000
Sb  12.2019420800  7.5016952800  19.3731347200
Sb  2.2315889200  4.0473357100  21.6712869500
Sb  4.4147147200  0.4875015800  22.0905112700
Sb  15.2521541400  3.4298251900  21.1380458900
Sb  2.2484399900  1.1723723700  29.3995754100
Sb  4.0368603600  5.0029922800  30.5143661900
Sb  6.4016046300  0.9003620000  29.2472858800
Sb  0.0954614500  4.6003422500  30.8968140500
Te  4.6588317600  6.8313602000  15.2215014200
Te  10.7309063500  2.8936643900  15.9469798600
Te  8.8828426400  7.1063093100  15.5033520400
Te  6.6152177700  3.3836042500  16.0649419600
Te  8.9254273100  3.0973300600  23.3645873700
Te  10.6902592900  7.0777044100  21.6917219400
Te  13.3031272900  2.8438513100  23.2005913100
Te  6.6655498400  6.6246726900  22.5595950600
Te  10.9434163300  0.6582231300  25.0627375100
Te  12.5262375800  6.3139739500  23.7221005200
Te  15.0615166400 -0.3570512500  24.6950467000
Te  8.5720610600  6.8430243300  24.7975179600
Te  10.9181034100  1.0724135400  20.0404428500
Te  13.3435045500  4.6867442500  19.2274160700
Te  15.2473777000  0.8218379600  20.1813118800
Te  8.8637977600  4.7391510700  19.3454055200
Te  8.4170131400  0.2769379100  31.1356051900
Te  10.5564362200  3.7839160300  31.1631307200
Te  12.5556582700 -0.0646747300  30.6319035300
Te  6.6034796100  3.8648693100  31.5655323300
Te  8.3222094700  3.2025955300  27.4178141000
Te  10.8990668400  6.6813553000  27.8612503500
Te  12.7523901600  3.0511267400  27.4672645000
Te  5.8823406100  6.2105782400  27.9957159800
Sb  8.6723021400  2.2753756100  17.8718917100
Sb  10.9083927500  5.8887670400  17.0676456300
Sb  13.0834907400  2.3097817700  17.4011582200
Sb  6.7187802900  6.0426407200  17.0741156100
Sb  8.6269943700  0.2243929900  26.8362106700
Sb  10.7585406100  4.9609160000  25.5351334100
Sb  12.8728850500 -1.0465888200  26.3346598000
Sb -3.0901907000  4.9802486600  26.5145580300
Sb  8.9081609700  0.5187953200  22.1138953400
Sb  11.0858181800  3.7637148100  21.2095089800
Sb  13.3889005900  0.1139116000  22.3501484300
Sb  6.6901379700  3.9573725500  21.4517241300
Sb  10.4049940100  1.4007885500  29.4599366600
Sb  12.5642169700  5.0200294300  29.5180188800
Sb  14.0850196100  0.6634226900  28.4037702600
Sb  8.2987387000  5.2949217900  29.6957509900
Cr  5.9690061900  3.6281040900  28.9732778700
INTERMEDIATE_IMAGE
ATOMIC_POSITIONS angstrom
Te  13.3399682600  6.0971830900  15.5942874600
Te  2.5953463500  3.3079755000  16.2525227400
Te  0.6909589000  6.6836245300  15.0261229200
Te  14.6532645700  3.6968153000  15.8701769400
Te -0.0324321600  3.2434737200  22.8795708500
Te  3.0635931300  7.0268860400  22.6608575700
Te  4.5488530700  3.2314207700  23.5901127800
Te -1.9701538300  6.8562641600  27.0860112800
Te  1.7711290200  1.1779823200  24.9131692800
Te  3.0620295000  6.7911303300  25.4090427500
Te  6.9624627000 -0.8425689600  24.4963114400
Te -0.8554548000  5.3604263200  24.6967251000
Te  2.3612339000  1.4248802800  20.3403529300
Te  4.6586158500  4.9951849600  19.5695770500
Te  6.4876177900  0.7624513500  20.5197904500
Te  0.3532199300  5.5581945500  19.4136032800
Te  0.1530877400 -0.2010512300  31.1143127700
Te  2.1294314200  3.3656551200  31.6654260100
Te  4.4459585000  0.4554474400  30.8109601800
Te -1.6742154400  1.7858016600  31.5778885600
Te -0.6240272500  2.5960475900  27.9715554300
Te  1.2539606600  6.2562785800  28.5295884300
Te  4.0106990600  3.3916470600  28.0631120400
Te -3.5034724400  4.7052887800  30.3095581100
Sb  0.1910322200  3.2210755700  17.8330917500
Sb  2.8928507200  6.1563071400  16.8137252700
Sb  4.4843492400  2.3947878500  18.3914313100
Sb -1.1023764600  5.6199773000  16.8482831300
Sb  2.7142026800 -0.4612968200  26.9480192600
Sb  1.2781067600  4.2411946100  26.3720856700
Sb  5.3570340200  0.7505964900  26.7138474000
Sb  5.6195073200  5.3650407100  26.1402611000
Sb  11.9750418600  7.6060432500  19.4113534800
Sb  2.3455006800  4.2756234900  21.6282741700
Sb  4.1997850200  0.6306000800  22.4708164100
Sb  15.2832133800  3.3968098100  21.3647192500
Sb  1.9809502700  1.2359644000  29.3781320800
Sb  3.6829437500  5.3716883300  30.1333494400
Sb  6.1816945900 -0.9496306100  28.9845907400
Sb -0.4090056500  4.1925822100  30.4157057800
Te  4.9924358800  6.5988607600  15.0063841200
Te  10.8897106300  2.7155885200  16.2269189200
Te  9.0920831400  6.8619618700  15.4723452700
Te  6.7707524800  3.1656742100  16.1588382800
Te  8.8316786100  2.8175938800  23.5162374300
Te  10.1872498800  7.4277383800  21.5182928100
Te  13.3491665500  2.6378461100  23.3816310500
Te  6.3864015000  6.7063706100  22.4435953300
Te  11.0559573400  0.2735761100  24.9162881900
Te  11.8890412500  6.0985490600  23.3789471400
Te  15.2576760000 -0.9490991500  24.3369435900
Te  7.9384608300  6.9133770400  24.8061764400
Te  11.0013272200  0.9051737900  20.1618668900
Te  13.2972734000  4.7335899200  19.6023714500
Te  15.4602110800  0.7918760200  20.3552691400
Te  8.9218022200  4.6272693300  19.5010202400
Te  8.1189954200  0.6368186400  30.4099090600
Te  10.3759402500  3.5741492500  30.6693952500
Te  12.1341247100 -0.1670422200  29.7096876400
Te  6.1803435300  3.8152370600  31.1743575400
Te  7.7417734000  3.4091254400  27.5153389000
Te  10.4843068000  6.8533780600  27.7409932400
Te  12.5693037700  3.2601750500  27.0155840000
Te  5.8002853200  7.0920025100  28.3882269700
Sb  8.7697904500  2.1340389600  18.0887075100
Sb  10.9915735700  5.7487574000  17.2440401000
Sb  13.1510633400  2.2907317600  17.8894896500
Sb  6.9107251200  5.8714629800  17.0283816900
Sb  8.9637033400 -0.8523368000  26.5214140600
Sb  10.1827424700  5.0512702500  25.4854198100
Sb  13.2000730800 -1.1895801200  26.2033861500
Sb -3.0719432600  4.4048756200  27.6180834000
Sb  8.7766524100  0.2367883400  22.2852639100
Sb  11.0681467800  3.5357197500  21.4885159500
Sb  13.4339137800 -0.0258719500  22.2886682100
Sb  6.6644615300  3.8977477200  21.5817548600
Sb  10.0868399000  1.5344925300  28.4362135000
Sb  12.2373848900  5.1115539200  29.2064874500
Sb  14.0385765800  0.9319177300  28.0287777600
Sb  8.0370410900  5.3992953500  29.5887097600
Cr  6.0661932300  1.9732814400  29.2096864000
INTERMEDIATE_IMAGE
ATOMIC_POSITIONS angstrom
Te  13.1437289700  6.4916055700  15.5566886900
Te  2.5629513500  3.4435290500  16.0825304000
Te  0.5124319700  6.8038376300  15.1202339500
Te  14.5622675100  4.1318351600  15.7394303500
Te -0.0288898900  2.8699751700  23.3005063700
Te  2.3216676800  6.4998199600  22.6080704000
Te  4.3398072600  2.8099580600  23.2362754400
Te -0.8082793200  7.8663544200  26.6169553000
Te  2.1391767100  0.5141930500  24.8198283800
Te  3.5950255600  5.9796961200  25.0107311800
Te  6.5642127100  0.3748908600  24.8338038200
Te -0.5498539000  5.4280735400  24.7164180100
Te  2.3655440700  1.0681722500  19.8415073600
Te  4.4414084100  4.9127992000  19.5360317400
Te  6.6161342900  0.6895861900  20.1540768500
Te  0.1069150100  5.3060308200  19.3552831700
Te -0.6975266700  0.1598450500  32.0986867500
Te  2.3393870300  2.9645805200  31.6097160600
Te  4.6584422000  0.0783275100  31.1156690800
Te -1.9222731600  2.6210139100  31.9634090800
Te -0.0787271100  1.9362733100  28.1552975900
Te  1.6377010200  5.9851402700  28.3601952300
Te  4.2254856900  2.6162836500  27.5855310500
Te -2.8259032600  4.4753697600  28.7683241700
Sb  0.1449157800  3.0770386300  17.5989279500
Sb  2.6969583300  6.2381362000  16.9254234900
Sb  4.4595184400  2.4164714900  18.1413721300
Sb -1.2705334100  5.4664124300  16.7680256600
Sb  1.1328344500 -0.6166887700  27.2018513000
Sb  1.6709157200  3.9994029800  26.2415188900
Sb  4.2467781800 -0.1274331200  26.7023722500
Sb  6.2613602200  4.4015690600  25.7945580100
Sb  12.0166126500  7.7807233700  19.4085573600
Sb  2.0311981300  3.8124174100  21.5150671900
Sb  4.2803735200  0.3228371300  21.8691975000
Sb  15.2077909300  3.3335613400  21.2555992500
Sb  1.4889771000  0.5383600000  30.3406497100
Sb  4.0931288100  5.3281050400  29.9262188700
Sb  6.6273840200  0.8444799700  29.2331292900
Sb -0.2102453500  4.1785674900  30.1470357300
Te  4.8268011600  6.9441679700  15.2443797300
Te  10.8556650900  2.9851229500  16.1130107900
Te  8.8861422200  7.3516465300  15.7712078000
Te  6.7950517300  3.4859390100  16.0900863500
Te  8.7426495600  2.9107098300  23.3826048200
Te  10.2270588900  7.6093471100  21.5013997300
Te  13.2964206400  2.7313790200  23.3491784300
Te  6.4382706200  6.5600500300  22.3797903000
Te  10.9327030900  0.4775857400  24.9821896500
Te  11.9545754100  6.1653032800  23.2595747900
Te  15.0742060300 -0.9404517900  24.4635829300
Te  8.0736786700  6.5028676900  24.7284329800
Te  10.9151010800  1.0193547400  20.1005970700
Te  13.2699905300  4.8424353400  19.5604788200
Te  15.2179552900  0.7027992100  20.3173252900
Te  8.8648390800  4.7758745200  19.5155187900
Te  8.7520185400  0.3217890700  31.0355884500
Te  10.7133534600  3.7855877400  30.9159539500
Te  12.9474992700  0.1053472700  30.3764202200
Te  6.5286293500  3.8796703500  31.4493830800
Te  8.4392740900  3.0758049400  27.4491186800
Te  10.7203030700  6.7121045600  27.6363554300
Te  12.8767002100  3.2149079200  27.1795874700
Te  5.8836980600  6.3830317500  27.8998045300
Sb  8.7708947500  2.3504803300  17.9826965500
Sb  10.8659182000  6.0340873900  17.2812760400
Sb  13.1716520200  2.5725699300  17.6696862700
Sb  6.7416797200  6.0944238200  17.2202771400
Sb  8.6453823400 -0.0966790800  26.6785602800
Sb  10.4816225100  4.8267984500  25.4486337800
Sb  12.9909320200 -1.0856780200  26.3110351600
Sb -2.8228901000  6.0157735100  26.4822066100
Sb  8.8470455900  0.3818399900  22.0624775400
Sb  11.0690895000  3.7014277400  21.4605433700
Sb  13.3038108600  0.0028704200  22.3982940100
Sb  6.5531179400  3.8491155400  21.4023820300
Sb  10.6410318800  1.4124009900  29.2424193500
Sb  12.5538364900  5.1787577600  29.2338967700
Sb  14.3150802300  0.8632667300  28.0758119000
Sb  8.2591208400  5.1668943100  29.4866751100
Cr  4.5982490000  2.6165043800  30.2045705900
INTERMEDIATE_IMAGE
ATOMIC_POSITIONS angstrom
Te  13.1498894100  6.9217101200  15.7045736500
Te  2.4586324600  3.8149700000  15.8170366000
Te  0.4718020100  7.2876849400  15.2394096000
Te  14.4928327600  4.5257109400  15.3711584300
Te -0.0482264300  2.3842689700  22.9116448000
Te  2.2061996500  6.1497758600  22.6216651200
Te  4.2625471000  2.3464755400  22.8609290700
Te -0.8781918500  7.3273451500  26.2408701100
Te  1.9677584200  0.8788776700  25.0798312100
Te  3.8111138000  5.3340152500  24.8365681100
Te  6.5117796700  0.8160828900  25.2145192300
Te -0.4871150700  4.7188001100  24.5559251500
Te  2.3003804200  1.0189324700  19.2027380900
Te  4.4310098500  4.8595606600  19.3938712000
Te  6.5754255800  0.5979544700  19.4786516000
Te  0.1052559000  5.3857324000  19.2937108000
Te -0.0645477100 -0.8884481200  32.3230051500
Te  1.6809909900  3.1410420700  31.9067129700
Te  4.4032871100  0.6138744200  31.7484409200
Te -2.4374651700  4.8242615900  31.7584900900
Te -0.4684936100  2.0172059700  28.3749328300
Te  1.7783481100  6.3010428900  28.3809734500
Te  4.0960537700  2.6278672300  28.2447807600
Te -2.4388514700  5.8439300700  27.8875783900
Sb  0.0470121800  3.3403807100  17.3228678600
Sb  2.6699476000  6.5035362000  16.9296269700
Sb  4.3804654700  2.5603650400  17.7067375100
Sb -1.3254388800  5.8297851200  16.7717590700
Sb  0.9251406100 -0.4619725700  27.4031932700
Sb  1.8847366200  3.9425553800  26.5318364400
Sb  3.8107315200 -0.0416485700  27.1181886900
Sb  6.2565815100  3.8848520000  26.2225340200
Sb  11.9999842100  7.5275081800  19.7862529300
Sb  2.0185886200  3.6308451500  21.2531647300
Sb  4.2060847300  0.0953544400  21.1017695600
Sb  15.1566143000  3.2162405600  20.9425971900
Sb  1.4766664800  0.4659007600  30.7302141500
Sb  3.9831569200  5.7334113600  30.0456063200
Sb  6.8403263200  1.1052608700  30.0876114900
Sb -0.3629951700  4.5125916300  30.1708301800
Te  4.7477868800  7.3155277800  15.2140093700
Te  10.7967065400  3.4039697100  15.6796411800
Te  8.8922526500  7.6700800900  15.8700038400
Te  6.6942699100  3.8339588800  15.6646142900
Te  8.8476485500  2.4468995600  22.9448961500
Te  10.5457318200  6.5418111800  22.0002325800
Te  13.1848001000  2.2071920800  22.8593067400
Te  6.5091431400  6.1351241900  22.4775422900
Te  10.9178712700  0.5683687300  25.3795386600
Te  12.4215499100  5.6930190400  23.9812583000
Te  15.0729833400  0.3873631800  25.4691871700
Te  8.1583428300  5.6829570200  24.7694240100
Te  10.9394356800  0.8748061100  19.3815560900
Te  13.3236717600  4.7646870400  19.2591228100
Te  15.2265952300  0.7511841500  19.5615370700
Te  8.7478996600  4.6312640700  19.2567038700
Te  9.1237254500  0.0706528800  31.4072848100
Te  10.8284102900  3.8717802200  31.2012299400
Te  13.2448367900  0.5686845300  31.0969323700
Te  6.6796424100  3.5334841700  31.6039371400
Te  8.5417545400  2.9351824400  27.9657784500
Te  10.5038604500  6.4012123800  27.6709657500
Te  13.3163000400  3.3874186800  27.4563516500
Te  6.0078487000  6.2838645300  28.1194895700
Sb  8.6301047000  2.4974359600  17.3281490200
Sb  10.8543665100  6.2123216000  17.3090825100
Sb  13.1511992300  2.7111520800  17.0809454200
Sb  6.6815812100  6.3245839900  17.0809181800
Sb  8.5863205300  0.0440140300  26.9248990200
Sb  10.6829232300  4.2168999000  25.7364673500
Sb  13.0324117400 -0.8419799300  26.8200764000
Sb -2.2282862800  3.4018193300  26.4704756800
Sb  8.8142208500  0.1196416300  21.2751111800
Sb  10.9474049800  3.5731924700  21.0373562700
Sb  13.0327140600 -0.1116591200  21.1661823500
Sb  6.5013288700  3.5938684600  21.1916326000
Sb  10.9522622100  1.4041948800  29.7092758400
Sb  12.5357183000  5.3210262100  29.4230319800
Sb  14.5409729400  0.9822641400  28.5536856100
Sb  8.3520030500  5.2649599700  29.7574338100
Cr  4.1228859700  3.1372016500  30.8741925700
INTERMEDIATE_IMAGE
ATOMIC_POSITIONS angstrom
Te  13.0466852900  6.5673194500  14.6913479800
Te  2.2453542200  3.7799977200  15.7107248500
Te  0.2104305100  7.2509939400  15.1890605000
Te  14.6489479500  4.3554763400  15.1011684500
Te  0.1478712600  2.6804658900  23.0060312000
Te  2.5968507100  6.2422029700  22.7550354300
Te  4.4549829100  2.4238140800  22.7392653000
Te -3.7522214800  5.9115179500  24.7016156300
Te  2.1759638100  0.9440726300  25.1161107000
Te  4.1205993700  5.2144509600  24.9360205600
Te  6.6648429300  0.9995020600  25.2469549200
Te -0.0528535800  4.8618065800  24.6715227700
Te  2.1991975800  1.1732295300  19.2800098100
Te  4.4576036500  4.9955473900  19.2104102400
Te  6.5317146200  0.7090712500  19.1314619900
Te  0.0970946000  5.4181096700  19.2897987600
Te -0.6345282700 -0.1786097600  32.2941258300
Te  1.7996476600  3.3890323700  32.1391135600
Te  4.3555355600  0.4536928100  32.0821707800
Te -2.9123893800  3.8667053600  31.6332251000
Te -0.1496040500  2.3162786400  28.4174275800
Te  2.0696596000  6.2704655100  28.4800796000
Te  4.2129874700  2.4960241800  28.4956143700
Te -1.7465818600  6.2041740400  28.0253979700
Sb -0.0664873400  3.3394323000  17.3738151000
Sb  2.5223214700  6.4838619300  16.7324004000
Sb  4.2512419000  2.6423549200  17.6058389300
Sb -1.4805762200  5.8250870100  16.8623370600
Sb  0.8208375800 -0.2333992900  27.3366876200
Sb  2.0621193700  3.9351430400  26.6857523200
Sb  3.6911208400 -0.1108338300  27.3256368500
Sb  6.4297507400  3.8066241700  26.4733627300
Sb  13.4560595800  6.8068172100  21.1042636500
Sb  2.2308614800  3.8449637000  21.2128423600
Sb  4.2879116100  0.2144305000  20.9427382900
Sb  14.8815452100  4.3250160700  20.7975845400
Sb  1.2200354700  0.9071687100  30.8133736600
Sb  4.1004735100  5.5849936800  30.2546085200
Sb  6.7199518500  0.9910686400  30.5384237200
Sb -0.8007412300  4.6246265600  30.2949549900
Te  4.4418105200  7.2197458700  14.8036973800
Te  10.5447003600  3.4665877800  15.1611924600
Te  8.5997997100  7.2371538700  14.7590651400
Te  6.3601840500  3.6677092000  15.4243855200
Te  8.9219465700  2.3042221700  22.5855621400
Te  11.2155317500  6.0349646800  22.6335476500
Te  13.3294764800  2.4382732000  22.3460987500
Te  6.9072225200  6.0623214100  22.5231055700
Te  10.9854569500  0.8528812200  25.6441967800
Te  12.7899198200  5.2104264500  24.8264398400
Te  14.9276476600  1.0110091500  25.6914591500
Te  8.4572758400  5.1871628500  24.8446817300
Te  10.9634787200  0.9717315700  18.8983150300
Te  13.0162772900  4.9264819800  18.7044635800
Te  15.2985174200  1.4601565800  18.5121318000
Te  8.7115927400  4.8645677600  18.8930797400
Te  9.0265604200 -0.1318173900  31.8198930000
Te  10.7949062000  3.5824537200  31.8026547500
Te  13.1452741800  0.1517802000  31.4504985700
Te  6.6076876100  3.4142663900  32.0846223900
Te  8.5292538500  2.8198957500  28.4752490100
Te  10.5743073200  6.3431909400  28.4309611300
Te  13.4162055300  3.3549284400  28.1451062300
Te  6.2685866600  6.2259058200  28.5304294300
Sb  8.5404964600  2.6404765600  17.0550573500
Sb  10.6922613900  6.0636713500  16.2971318400
Sb  13.1252935200  2.6185627400  16.7883620900
Sb  6.5521880700  6.3017275500  16.5009525500
Sb  8.6273584500  0.1568124700  27.0321307100
Sb  10.7558504600  4.0539697900  26.5021735900
Sb  13.1741612300 -0.6327862100  26.9270321400
Sb -2.4147173500  4.1483337300  26.2362935200
Sb  8.8579830900  0.1169766000  20.7675933900
Sb  10.8829776000  3.6050756600  20.6434923100
Sb  13.5082294200  0.3741958800  20.3284487800
Sb  6.6440595500  3.7249511800  20.9729372600
Sb  10.8548675900  1.2254151500  30.1639022200
Sb  12.5225452300  5.1677074400  30.1821046600
Sb  14.5219563800  0.8300364800  29.0799754300
Sb  8.3679087100  5.1568342000  30.3176872900
Cr  4.1499620400  2.9444128000  31.1178410400
LAST_IMAGE
ATOMIC_POSITIONS angstrom
Te  12.8690330100  7.4207106700  15.0055916700
Te  2.1757976600  3.7192328600  15.0090620000
Te  0.0397020900  7.4236846300  15.0090620800
Te  15.0040238300  3.7191275500  15.0038240600
Te  0.0427349000  2.4809484700  22.2810190900
Te  2.1792858000  6.1893327800  22.2977298300
Te  4.3278508100  2.4955776400  22.2952801300
Te -2.1005247200  6.1978296600  22.2810222900
Te  2.1474423600  1.2382924000  25.1366106000
Te  4.3244701900  4.9781199800  25.1018153100
Te  6.4747477100  1.2490769300  25.1018100600
Te -0.0682952400  4.8932887000  25.0185252700
Te  2.1794482600  1.2567418600  18.6343945600
Te  4.3172832200  4.9571058600  18.6463390000
Te  6.4529657100  1.2533711000  18.6463393100
Te  0.0388600300  4.9550989300  18.6465506200
Te -0.2369070000 -0.1366146700  32.6246010500
Te  2.2923238000  3.7546179200  32.4962482800
Te  4.3978678900  0.1031339100  32.4962565500
Te -2.0550781200  3.7476538100  32.4498240500
Te  0.1222481700  2.4979911700  28.8583377100
Te  2.1552951000  6.1754759800  28.7426773600
Te  4.3292374300  2.4963660300  28.4444503700
Te -2.0459374200  6.2581022600  28.8583388300
Sb  0.0414803700  2.4892242900  16.6976006600
Sb  2.1834818100  6.1917588500  16.7017683600
Sb  4.3187839000  2.4903558100  16.7055263900
Sb -2.0939972200  6.1926077600  16.6976020500
Sb  0.0201621100  0.0116293900  26.9324731200
Sb  2.1311173000  3.7470376400  26.7418178600
Sb  4.3105443700 -0.0325716500  26.7418092900
Sb  6.5521688100  3.7781971900  26.7488775100
Sb  12.8789589200  7.4264259200  20.5782310900
Sb  2.1827659400  3.7248175700  20.5939025500
Sb  4.3171911800  0.0232637500  20.5939023700
Sb  15.0107336400  3.7229865400  20.5820120000
Sb  2.2216057000  1.2810241300  30.8819731500
Sb  4.2966317100  5.1479359000  30.6649288800
Sb  6.6078327800  1.1397933500  30.6648746300
Sb  0.0508465900  4.9620017600  30.7430121500
Te  4.3105918600  7.4183208400  15.0077333200
Te  10.7237516400  3.7149181700  15.0053752300
Te  8.5870892800  7.4203540200  15.0053758000
Te  6.4498305900  3.7191870500  15.0063780000
Te  8.6064477900  2.4984641500  22.2932658000
Te  10.7588751400  6.2039136400  22.2919060200
Te  12.8816640600  2.4952942600  22.2901509300
Te  6.4736470000  6.1972007000  22.2932663500
Te  10.7448269900  1.2631301700  25.1443520500
Te  12.9066069200  4.9653196700  25.2098452100
Te  15.0319180100  1.2795631300  25.2098488900
Te  8.6847085200  5.0078860200  25.0835565800
Te  10.7278143700  1.2533184200  18.6468521400
Te  12.8688456500  4.9526646800  18.6330764500
Te  15.0020509300  1.2532271000  18.6330781700
Te  8.5960101700  4.9567397400  18.6412307800
Te  8.7113270600  0.0906910100  32.5564307600
Te  10.7204427300  3.6960225100  32.4426428600
Te  12.8382342600  0.0233053200  32.4426470500
Te  6.4472302600  3.7178444600  32.5409130500
Te  8.5790784000  2.5007677100  28.7784252100
Te  10.7445536000  6.1956555200  28.8116888800
Te  12.8715453000  2.4894603200  28.7920364800
Te  6.4619285300  6.1723694100  28.7784141500
Sb  8.5935124300  2.4897049100  16.6984076300
Sb  10.7350120800  6.1901605300  16.6972652300
Sb  12.8730459000  2.4903330000  16.6976542400
Sb  6.4595816500  6.1904054000  16.6984085300
Sb  8.6123004600  0.0334461400  26.7926006600
Sb  10.7750632000  3.7284657400  26.8605674100
Sb  12.8936702400  0.0543180200  26.8605731000
Sb -2.0615558300  3.7439227800  26.9218005300
Sb  8.5961910300  0.0241532400  20.5990720700
Sb  10.7379279600  3.7271623100  20.5931612500
Sb  12.8739510900  0.0228344500  20.5931617100
Sb  6.4613469900  3.7258211000  20.5942077400
Sb  10.7451943000  1.2633449800  30.7822553500
Sb  12.8495224800  4.9988309300  30.8183148900
Sb  15.0323308000  1.2133717000  30.8183131300
Sb  8.5057479400  4.9046974300  30.7970943500
Cr  4.5051736900  2.5977244800  30.8848974600
END_POSITIONS
END_ENGINE_INPUT
END
