BEGIN
BEGIN_PATH_INPUT
&PATH
  string_method = 'neb',
  restart_mode = 'from_scratch',
  nstep_path = 1000,
  num_of_images = 10,
  opt_scheme = 'broyden',
  CI_scheme = 'auto',
  first_last_opt = .false.,
  minimum_image = .true.,
  ds = 0.2,
  k_min = 0.1,
  k_max = 0.3,
  path_thr = 0.03,
/
END_PATH_INPUT
BEGIN_ENGINE_INPUT
&CONTROL
  etot_conv_thr = 1.0000000000d-04
  forc_conv_thr = 1.0000000000d-03
  outdir = './out/'
  prefix = 'sb2te3'
  pseudo_dir = '/home/ycao73/ONCVPseudoPack/SG15_v1.2/UPF/PBE/'
  verbosity = 'high'
  max_seconds = 84600
/
&SYSTEM
  vdw_corr = 'DFT-D3'
  degauss = 0.00500
  ecutrho = 280
  ecutwfc = 70
  ibrav = 0
  nat = 81
  ntyp = 3
  occupations = 'smearing'
  smearing = 'cold'
/
&ELECTRONS
  conv_thr = 1.0000000000d-06
  electron_maxstep = 400
  mixing_beta = 0.4
/
ATOMIC_SPECIES
  Cr 51.99600 Cr_PBE_FR.SG15v1.2.UPF
  Sb 121.76000 Sb_PBE_FR.SG15v1.2.UPF
  Te 127.60000 Te_PBE_FR.SG15v1.2.UPF
K_POINTS AUTOMATIC
2 2 2 1 1 1
CELL_PARAMETERS angstrom
  17.10859971872434 0.00000000000000 0.00000000000000
  -4.26916021361244 7.40364387667964 0.00000000000000
  0.08956351952752 0.05165086255083 47.42888785524057
BEGIN_POSITIONS
FIRST_IMAGE
ATOMIC_POSITIONS angstrom
Te  12.8341975600  7.4286770900  14.9980675900
Te  2.1756034600  3.7208704700  15.0161044200
Te  0.0327226200  7.4179046400  15.0012480400
Te  14.9930598100  3.6847381000  14.9980658900
Te  0.0694586800  2.5063903500  22.3875363500
Te  2.1775192400  6.1577016000  22.3915239200
Te  4.2856125100  2.5018239900  22.3915223300
Te -2.1019876600  6.1869501500  22.3119325600
Te  2.1971907700  1.2976307700  25.0374084200
Te  4.3051897400  4.9488599100  25.0414182300
Te  6.4766959600  1.2683309100  25.1169433200
Te  0.0891488200  4.9534296900  25.0374100100
Te  2.1877155400  1.2306809800  18.6420222900
Te  4.3226252000  4.9589097500  18.6233254200
Te  6.4415540700  1.2480643000  18.6576668300
Te  0.0264642500  4.9787638200  18.6420218000
Te  0.0555108600  0.0300519800  32.4231633100
Te  2.1991236600  3.7344242700  32.4127817300
Te  4.3420062100  0.0373918100  32.4276381000
Te -2.0807578300  3.7348103000  32.4231626900
Te  0.0521087600  2.4963918400  28.8055846800
Te  2.1869859100  6.2245898100  28.7868587200
Te  4.3482303600  2.4765155200  28.7868575000
Te -2.0668320800  6.2072304400  28.7712484000
Sb  0.0238765500  2.4801089700  16.6760997800
Sb  2.1849500300  6.2052953800  16.7019540600
Sb  4.3305081900  2.4844170400  16.7019585200
Sb -2.0796627200  6.1998296500  16.7143592300
Sb  0.0219441200  0.0464001900  26.8329797200
Sb  2.1913356300  3.7299420100  26.7550265800
Sb  4.3964054700  0.0687664300  26.8369931400
Sb  6.4698583700  3.7081262900  26.8323991500
Sb  12.8984224800  7.4150456000  20.5964906000
Sb  2.1833795100  3.7253424700  20.6739878800
Sb  4.2474681800 -0.0171241200  20.5918947200
Sb  15.0134462300  3.7471496300  20.5964870000
Sb  2.1897753800  1.2499959400  30.7269474800
Sb  4.3508317500  4.9751720800  30.7527418900
Sb  6.4543847000  1.2554633800  30.7145217800
Sb  0.0442069500  4.9708742800  30.7269481500
Te  4.3191940100  7.4252359100  15.0057159900
Te  10.7075000500  3.7079529900  15.0165345900
Te  8.6263604200  7.4405892200  15.0066683700
Te  6.4554627100  3.7204776000  15.0057166200
Te  8.5878289300  2.4856717600  22.2899801800
Te  10.7516442100  6.2006239600  22.2943271100
Te  12.8869855200  2.4974840200  22.2943235600
Te  6.4793257600  6.2025334000  22.2983523200
Te  10.7316655200  1.2546690700  25.1346018000
Te  12.8954876400  4.9696195500  25.1389624200
Te  15.0039856800  1.2527596300  25.1305885700
Te  8.5963190800  4.9578090100  25.1346019400
Te  10.7177647700  1.2447805000  18.6638622800
Te  12.8911001900  4.9670822800  18.6858610900
Te  15.0117667600  1.2572379300  18.6407593000
Te  8.5808149600  4.9507175500  18.6638608700
Te  8.6491104600  0.0266039700  32.4307603800
Te  10.7757891400  3.7473246400  32.4122985100
Te  12.8569544400  0.0147021000  32.4221544700
Te  6.4902499200  3.7705446600  32.4307586600
Te  8.5921992700  2.4881987700  28.7430216300
Te  10.7655535100  6.2105142400  28.7650392600
Te  12.9024999000  2.5045789000  28.7650389600
Te  6.4715292800  6.1980414200  28.7881114400
Sb  8.5836573800  2.4832740100  16.7184159800
Sb  10.7286771400  6.1996627500  16.6916374000
Sb  12.8746417100  2.4780944800  16.6916365800
Sb  6.4399754000  6.1798424500  16.7032489800
Sb  8.5848752800  0.0402405900  26.8323989700
Sb  10.7508399800  3.7329506600  26.8184771600
Sb  12.8643684700  0.0189905400  26.8364181000
Sb -2.0834343700  3.6975735200  26.8329845800
Sb  8.6219415000  0.0052558000  20.5959406500
Sb  10.7324663200  3.7223406600  20.6104483400
Sb  12.8880929200  0.0326603200  20.5925039700
Sb  6.4581632000  3.7577280700  20.5959409200
Sb  10.7546274500  1.2556302800  30.7371768900
Sb  12.8996574800  4.9720207300  30.7104581900
Sb  15.0433326100  1.2754437300  30.7256354600
Sb  8.6086748600  4.9771900000  30.7371742800
Cr  2.1873396100  3.7276302600  23.7142437600
INTERMEDIATE_IMAGE
ATOMIC_POSITIONS angstrom
Te  13.0702390900  6.3711383800  14.5340510500
Te  2.4939545300  3.7479557900  15.3300622300
Te  0.4270459300  7.2033947100  14.6185485500
Te  14.7669329700  4.3620448500  15.3862964100
Te -0.0665465800  2.7868552100  22.3105016900
Te  1.9797490300  6.1803628600  22.5370400800
Te  4.0956356700  2.8092228000  22.5375466100
Te -1.5295432600  4.9713879800  21.6404451700
Te  1.9139433500  1.2732455100  24.8630696500
Te  3.8279567400  5.2840899100  25.2506037100
Te  6.2888408000  1.2339317500  25.1483540900
Te -0.0980913000  5.1744331800  25.3776249900
Te  2.1921203600  1.2257990500  18.9316240600
Te  4.4842074400  5.1282509800  18.9247176000
Te  6.4410269500  0.8146068700  19.2506040600
Te -0.3736652700  5.1503164000  18.6746525600
Te  0.0420701600  0.5027935400  32.8246528600
Te  2.3441776000  3.7544124400  32.5506456400
Te  4.5547132900  0.1079304500  32.6639259900
Te -1.6708880400  2.5618274200  32.3680603500
Te -0.1232586200  2.1522143700  28.9393218400
Te  1.8786482500  6.3023698000  29.1402706500
Te  4.2368840700  2.6556838900  28.8802793400
Te -2.3517562800  5.4190118100  29.0314814600
Sb -0.0326439300  3.1867124500  16.5841758300
Sb  2.5275936000  6.4326132700  16.4323435600
Sb  4.3528884300  2.6827101500  17.3995312200
Sb -1.4310827300  5.6254578500  15.9501196800
Sb  0.8491089500  0.0430929600  27.2686835000
Sb  1.9971685500  4.2034658200  27.2230209600
Sb  3.7489115900  0.4529071300  26.9675656900
Sb  6.1806857900  4.0466704900  26.6802828100
Sb  13.3176804200  6.9066801100  21.2250461900
Sb  2.1183110300  4.0798286400  20.6305669800
Sb  4.0463717300  0.4254059400  20.8827139900
Sb  14.7832590800  4.4401129500  21.0404684800
Sb  2.3763762300  1.2604259100  31.2331935500
Sb  4.2330261600  5.1731636900  30.6616210200
Sb  6.5229065900  1.2121579800  30.8519453400
Sb -0.0926423900  4.6252831700  30.8856028600
Te  4.5775213200  7.3017742100  14.7100392400
Te  10.6304070000  3.3713868200  15.3021807000
Te  8.7772960200  7.2045961600  14.6580007200
Te  6.5455776800  3.6963702600  15.3612378000
Te  8.7248974100  2.4848993700  22.6693590900
Te  11.0025975100  6.1675060900  22.6587191400
Te  13.2068467200  2.5256005800  22.5454568100
Te  6.7922039800  6.2473255000  22.5212796100
Te  10.5764084100  0.7632472000  25.5358326800
Te  12.5526136800  5.2855478200  24.8408158000
Te  14.4407958400  0.2980054900  25.1822915900
Te  8.1702803900  5.3903155000  24.9144611500
Te  10.9387780400  1.0011949300  19.1029265700
Te  12.9951405800  4.9568653700  18.8566546900
Te  15.3187195600  1.5099479400  18.8164523900
Te  8.7248496500  4.9515182100  18.9383853800
Te  8.9127159500  0.0956211200  32.0516691200
Te  10.9494397400  3.5939996900  31.6942046500
Te  13.0608587200 -0.0218715500  31.1529806200
Te  6.5283923200  3.7025556100  32.2346554200
Te  8.3720435500  2.8037703500  28.5353269000
Te  10.5194204100  6.2986959200  28.3256825000
Te  13.2030065700  3.1154314600  27.8172331300
Te  6.2574168100  6.3493388000  28.6350364700
Sb  8.5785181600  2.6526721800  17.1685865400
Sb  10.8035028700  6.0389458100  16.2698405400
Sb  13.1878180000  2.6001300800  17.0044264900
Sb  6.6815531400  6.3540204900  16.4011746400
Sb  8.1969282900  0.2573167200  26.9536023400
Sb  10.4733650400  4.0398405900  26.4229315300
Sb  12.6182122000 -0.9640024900  26.7356243800
Sb -1.8419032900  3.5773522600  27.0586079000
Sb  8.7482084700  0.2274861400  20.9265936400
Sb  10.8296868100  3.6667029500  20.7599523400
Sb  13.4808239400  0.4253217900  20.5846544100
Sb  6.6144041700  3.9486263700  20.9115001200
Sb  10.6752729800  1.1973218200  30.1500232800
Sb  12.5768870900  5.0372549100  29.8781369400
Sb  14.2347020500  0.5279504500  28.6687134000
Sb  8.3468051600  5.1852211700  30.3441808900
Cr  1.8499373600  3.8924469900  23.9392488900
INTERMEDIATE_IMAGE
ATOMIC_POSITIONS angstrom
Te  13.3710805600  6.8688258300  15.8279297800
Te  2.7454864600  3.9070254000  15.3401091800
Te  0.7282798700  7.3472867200  14.6442993400
Te  14.6729138200  4.4327587700  15.6555154400
Te  0.0147461000  2.3327532100  22.2876152800
Te  1.5039861500  6.0195760500  22.5881410100
Te  3.9919450000  2.7563022000  22.5754609600
Te -0.9819314600  6.1792680600  21.5104990600
Te  1.9048176700  1.0011708400  24.7842982600
Te  3.5473522100  5.2049481500  25.2125413900
Te  6.1564275500  1.0548480300  25.0402167200
Te -0.4010640200  4.7496501900  25.4402560500
Te  2.2860569000  1.2606563800  18.8077970700
Te  4.4838148800  5.0557757200  19.0529444800
Te  6.4466141200  0.7402609500  19.4513087400
Te -0.2479479300  5.2338626600  18.6119737000
Te  0.3869359500  0.7880115100  33.1696926700
Te  2.5930576500  3.8579141600  32.5017369100
Te  4.8830188900  0.3191443500  32.5971573600
Te -1.3574696100  2.5653101800  31.9943220100
Te -0.0142094000  1.7196322100  28.8973581500
Te  1.7203069300  6.0567382500  29.0353448800
Te  4.2836305300  2.6250397300  28.7397611500
Te -2.3477299600  4.9648030900  29.4254876900
Sb  0.1627207200  3.3068461300  16.4589671300
Sb  2.7201136300  6.5445936000  16.5658200100
Sb  4.5367465400  2.7321014800  17.3928299500
Sb -1.2008568700  5.7559353000  15.8508036500
Sb  0.8786576700 -0.2687236000  27.1604019800
Sb  1.8563652200  3.8735309900  27.1680837200
Sb  3.8134529900  0.3165803700  26.9007336600
Sb  6.0792604500  4.0809850400  26.4422364400
Sb  11.9924747000  7.5871110900  19.8690239700
Sb  1.8285326100  3.7198708900  20.6238944000
Sb  3.9689701300  0.3789672000  20.9325841300
Sb  14.9653916800  3.2812701600  21.2919338000
Sb  2.5536548400  1.2941069100  31.2767238900
Sb  4.3224519700  5.2065466400  30.4568884000
Sb  6.7224737000  1.3817269700  30.6478718100
Sb  0.0454875800  4.9839285200  31.2358526400
Te  4.9160785900  7.5119425400  15.0984195300
Te  10.9234651600  3.4197450200  15.7434075200
Te  9.1051647300  7.7071800800  15.7205401800
Te  6.8803472400  3.9589528000  15.5249018000
Te  8.5899031200  2.5779601100  22.9485150600
Te  10.3030714100  6.7962421700  21.9587057000
Te  12.9661628600  2.1195203800  23.0872683500
Te  6.3439202200  6.3051026200  22.4029638000
Te  10.4357591500  0.4626618600  25.3311180900
Te  12.0899210700  5.4626726300  23.7784470800
Te  14.2398879900 -0.6876263000  24.6742239000
Te  7.9047244300  5.7830579200  24.7381502600
Te  10.8879623100  0.9766093400  19.5706131600
Te  13.2446816000  4.7966486900  19.4589919400
Te  15.1470859100  0.8439590400  19.8645078500
Te  8.8019100100  4.7043164900  19.2226795100
Te  9.1477577700  0.4196518600  31.8886381800
Te  11.0712266300  3.9331745300  31.1620236500
Te  13.3338603000  0.4645608200  30.8288454700
Te  6.7698371900  3.9556970900  31.8855602700
Te  8.4685242400  2.8947557800  28.0934448100
Te  10.5114050200  6.3602290700  27.5576816000
Te  13.0029539900  3.1806593600  27.1854178200
Te  6.1572310700  6.4065251100  28.2489285300
Sb  8.6853788100  2.5630430600  17.3140440300
Sb  10.9676174500  6.2706406400  17.3008935900
Sb  13.1690286400  2.6901104600  17.3083391800
Sb  6.8375136900  6.4523976300  16.9529203700
Sb  8.0971069100  0.1600559700  26.8865722700
Sb  10.3006045300  4.1048259700  25.6982634800
Sb  12.4631441700 -1.1068197000  26.7103665800
Sb -1.9379440300  3.1816715900  27.3203787200
Sb  8.6459962800  0.2316779000  21.3100477800
Sb  10.9009621800  3.6179984700  21.2455892200
Sb  12.9775235000 -0.2041862200  21.4232947800
Sb  6.4695790700  3.8451003200  20.9964672900
Sb  10.8027146200  1.4036022000  29.8328398000
Sb  12.6207982000  5.2192408200  29.1623736900
Sb  14.2108536000  0.7537715700  28.2032361000
Sb  8.4520053500  5.3387952300  29.8052400300
Cr  1.6337246000  3.6350393700  23.9588766900
INTERMEDIATE_IMAGE
ATOMIC_POSITIONS angstrom
Te  13.5264090300  6.6982749200  15.8651586700
Te  2.9723075000  3.7394475700  15.2018572900
Te  0.9812008500  7.1316205700  14.2322583400
Te  14.9500138000  4.3466556800  16.1332127300
Te  0.2436794700  2.2173971200  22.2837913500
Te  1.6795630900  5.9555663900  22.4853075300
Te  4.0633657900  2.6885427100  22.5295577000
Te -1.9958134600  3.3830866500  23.4241945300
Te  2.1732521300  1.0629126000  24.9380513000
Te  3.5300003300  5.2358739600  25.4242502800
Te  6.2238305200  0.9568128100  25.2190082000
Te -0.3315698800  4.5959123000  25.3538681800
Te  2.3527407500  1.1822528700  18.6870700200
Te  4.4997740400  5.0775278700  18.9622311900
Te  6.4798909500  0.8019380700  19.5764973500
Te  0.1516834800  5.3467276000  18.3558412400
Te  0.5772295800  0.9541931800  33.5077487200
Te  2.8401762300  4.0223658500  32.8100725200
Te  5.0602498500  0.3658406700  32.8307578700
Te -1.0686201200  2.6696399300  32.0768477400
Te  0.1307863600  1.5235924400  29.0351271900
Te  1.9263297200  6.0367361600  29.2229947600
Te  4.3685017300  2.6538001800  28.9217077700
Te -2.1000419600  5.0096716500  29.6275296800
Sb  0.4181187300  3.2651442500  16.4512786400
Sb  3.0001035200  6.4815961200  16.1911298100
Sb  4.6504833900  2.6531184300  17.4009265300
Sb -0.9306419300  5.6983492400  15.6310198600
Sb  0.9611662000 -0.3543955400  27.1325269700
Sb  2.0393249700  3.8063369500  27.4481762200
Sb  3.9467570600  0.2664437400  27.0958076100
Sb  6.1011201800  4.1417876800  26.5485299600
Sb  11.9314878500  7.9193585500  19.7324966100
Sb  2.0231519800  3.9845956100  20.5448234700
Sb  3.9283857800  0.3290930100  20.8591722200
Sb  14.9896649000  3.2171294100  21.5085746900
Sb  2.7245929700  1.4276714100  31.6256625700
Sb  4.5779533500  5.2019548900  30.6697073600
Sb  6.8634356600  1.3412693300  30.8016029100
Sb  0.3136846600  5.1198527700  31.5019649100
Te  5.2630961300  7.2610481400  14.7359740700
Te  11.1180892300  3.2989767000  16.0719093800
Te  9.3384912200  7.5020249900  15.5710101800
Te  7.1024415600  3.7948266000  15.6666459400
Te  8.4661728600  2.7172077700  23.0996327300
Te  10.0535170900  7.5274853600  21.6979162500
Te  12.9171818600  2.4792468700  23.4068267400
Te  5.9427150600  6.3353532700  22.4907754900
Te  10.4833633500  0.3411752800  25.0583330500
Te  11.6200944400  5.8662952800  23.4850797400
Te  14.4952020500 -1.2846452600  24.4885862800
Te  7.6881200700  5.9853075600  24.7813048300
Te  10.8183913800  1.0360021700  19.8268497500
Te  13.2433296400  4.8862677200  19.7840543900
Te  15.0348358500  0.6385466200  20.4030489400
Te  8.8669931100  4.9480977600  19.3844770900
Te  9.2492273000  0.3416378200  31.9943335400
Te  11.2486316800  3.7890729700  31.1802552000
Te  13.2812290600  0.0254371600  30.5509494100
Te  7.0080632900  3.9278126800  32.0198403900
Te  8.5155577000  2.8959527600  28.0922405700
Te  10.6815455200  6.3629895600  27.6245821200
Te  12.6374000100  2.8460758600  27.1908932900
Te  6.3245925800  6.3972001300  28.3893612300
Sb  8.8752000900  2.5924127100  17.7186061700
Sb  11.1147173200  6.2400025500  17.3802894500
Sb  13.2907346600  2.7255058000  17.7864589000
Sb  7.0365863500  6.3834066600  16.8400309900
Sb  8.3222492100  0.1321523600  26.9108011000
Sb  10.1109636000  4.3701428200  25.5483180100
Sb  12.4400750200 -1.3118376300  26.4080700700
Sb -1.7640450700  3.1565624300  27.6014014500
Sb  8.6308658600  0.3334138200  21.5350302400
Sb  10.8989535900  3.6515348900  21.4391627600
Sb  12.9684630700 -0.1769432200  22.2724920000
Sb  6.4553184500  3.9777068000  21.0132663500
Sb  10.8064354700  1.2988689200  29.8095207200
Sb  12.7633297900  4.9654198800  29.0709968800
Sb  14.1593744300  0.5268097800  27.9548621000
Sb  8.6552137600  5.2757244200  29.8781959600
Cr  1.8786460100  3.6785065600  23.9221230700
INTERMEDIATE_IMAGE
ATOMIC_POSITIONS angstrom
Te  13.3606714000  6.5118914100  14.9658698900
Te  2.6344324300  3.5822945800  15.2625365600
Te  0.7210894500  7.0394201100  14.3099439000
Te  14.9737322300  4.3424365400  15.6023856900
Te  0.0290074500  3.5082991100  22.2991667000
Te  2.6765097700  6.2823492600  22.4784235500
Te  4.2148950900  2.8501923000  22.5510780800
Te -0.2419018300  6.2265103400  22.1009429700
Te  1.9426881900  1.2405500000  24.6151804700
Te  3.5876792800  5.3377329400  25.7857693700
Te  6.2170322300  1.1474787400  25.0935414400
Te -0.2242480700  4.6934754100  25.7825199500
Te  2.3083726100  1.3024236400  19.0647331400
Te  4.6891484400  5.0185207700  18.6956881400
Te  6.5584084000  0.8578943200  19.4044998400
Te  0.1771297200  5.5162305200  18.5763681300
Te  0.5419744300  0.7521290900  33.8627163300
Te  2.6301063900  3.9514748100  33.0261022700
Te  4.9630146100  0.3436755600  33.2327697900
Te -1.1053155600  2.1680682800  32.1122668100
Te  0.0562652900  1.2761686000  28.8825297200
Te  1.6159907700  5.8440750100  29.4221034900
Te  4.2720141900  2.4948259100  29.1999161600
Te -2.3931488100  4.3637060200  29.7942082900
Sb  0.1748475000  3.3279586500  16.7631737200
Sb  2.8960474000  6.3617089500  16.0710040400
Sb  4.5621757500  2.5277878200  17.2754282400
Sb -1.1231788100  5.7783121400  15.9490691200
Sb  0.9413606300 -0.3816708500  26.8227669200
Sb  1.9323301400  3.7156415200  27.5312114300
Sb  3.7580920700  0.5386313700  26.8074212600
Sb  6.1099942100  4.0411516200  26.7479205700
Sb  11.8611693600  7.4490142100  20.0044941700
Sb  2.3613132100  4.0482944900  20.4115669400
Sb  4.1710952000  0.4105612000  21.0366561000
Sb  14.8416999000  4.0537670200  21.5025100200
Sb  2.6395260700  1.3034825100  31.9708526800
Sb  4.3398266100  5.0180192200  30.7916891500
Sb  6.7099339300  1.3669340900  31.1533171800
Sb  0.0208433600  4.7791919800  31.6157147100
Te  5.0002325600  6.8651910200  14.2660670700
Te  11.0391542200  3.3252133300  15.6640980000
Te  9.2216011300  6.9454909700  14.6797956900
Te  6.9067824200  3.3944435400  15.3640738300
Te  8.7300506200  2.6250808000  22.7991847100
Te  10.3654228600  6.4229453500  22.1649798600
Te  12.9459488800  2.4637469400  22.9853945600
Te  5.7889620800  6.4369635500  22.2781820300
Te  10.1884046000  0.2453452800  25.6175277000
Te  12.0296013700  5.5931084000  24.3508646700
Te  13.9765167900 -0.4375446700  25.0507691600
Te  7.8046039300  5.5032206200  24.8593669800
Te  11.1613804600  0.9271878400  19.3827470900
Te  13.2852728600  5.0464589800  19.2525189900
Te  15.5171044900  1.7960912600  19.8984932300
Te  8.8618613500  4.8667760000  18.9713929000
Te  9.1526885300  0.4047250900  32.3475348200
Te  11.1283033400  3.7591862100  31.3597576500
Te  13.2154805600  0.1981577600  31.0625160300
Te  6.7730409600  3.9634027200  32.3116928400
Te  8.3695209600  2.7298728700  28.4715461400
Te  10.4068897300  6.1990112700  27.8560210100
Te  12.9119995400  2.8632010800  27.3203583600
Te  6.1899484500  6.3355872200  28.5917819500
Sb  8.8004456000  2.4729905000  17.3702205600
Sb  11.0859178400  6.0948180800  16.6411248300
Sb  13.3855795400  2.6597871600  17.2139105500
Sb  6.9619561400  6.1451759600  16.2108062000
Sb  7.8489931800  0.0993727900  27.1308975000
Sb  10.0786280900  4.0648404300  25.8873902100
Sb  12.2191410700 -1.3305287100  26.9308463000
Sb -1.8237809000  2.9211502700  27.4650761200
Sb  8.8417893200  0.2914425500  21.1487058500
Sb  10.8421137100  3.6442298700  20.9090926700
Sb  13.4376751500  0.2873507300  21.1978217300
Sb  6.5352063200  4.0647717600  20.9148540300
Sb  10.7137871500  1.2021793800  30.1415374600
Sb  12.6018520900  4.9505087200  29.2500786500
Sb  14.0621499300  0.4506000800  28.3822792200
Sb  8.4672944400  5.2460367700  30.0911202100
Cr  2.0065338800  3.9586159600  24.1046459600
INTERMEDIATE_IMAGE
ATOMIC_POSITIONS angstrom
Te  13.4639588000  5.6587390300  14.0902730300
Te  2.3893928800  3.7503372200  15.5883759300
Te  0.8393732700  7.2898231500  14.4121436100
Te  15.2172010400  4.1542397200  15.5911262800
Te  0.5922878100  4.6954037700  22.9309142000
Te  3.9858815200  7.0406880900  22.2205562000
Te  4.6595677400  3.3294353600  22.5941115500
Te  1.0274589100  7.3299655000  22.4453937900
Te  1.8126935900  1.4480551900  24.3487363400
Te  3.0013655300  5.0694230600  25.6081809700
Te  6.1910310600  1.0140364200  24.6676153100
Te -1.1047053300  3.9644677300  26.1821560200
Te  2.3020174400  1.8437505000  19.5193057100
Te  4.9181080400  5.1623225000  18.6265052700
Te  6.5405055300  0.9416524900  19.4512248600
Te  0.6768446700  6.4221772600  18.8816621900
Te  0.5224599100  0.6241208400  34.5706393600
Te  2.2711181700  4.0179674700  33.2845038900
Te  5.1113691200  0.8372659300  33.9817934100
Te -0.8963952900  1.4646065500  32.1477557300
Te  0.2683570600  0.5386164500  28.6417297700
Te  1.0057664900  5.4879634900  29.4887364100
Te  3.5289387700  2.3428727000  29.8031823800
Te -2.6957112900  2.9608844800  30.1375538200
Sb  0.1859024200  4.0252089300  17.4407546200
Sb  3.1252880200  6.5293343400  15.9832938800
Sb  4.4227199400  2.6134564000  17.4652438900
Sb -0.9052438700  6.5184738300  16.4324784400
Sb  1.7634609600 -0.4781962700  26.4178367800
Sb  1.4501972200  3.4339494100  27.4471474800
Sb  4.1608795000  0.9232189800  27.3077349400
Sb  5.8737833500  4.1586529400  26.5388366600
Sb  13.0237672300  7.1206507200  21.0365814200
Sb  2.6813242000  4.7201580500  20.8082253800
Sb  4.2533579200  0.8251639600  21.3607345500
Sb  14.8003089900  4.8681578100  21.1988479000
Sb  2.5888771900  1.1827819200  32.7519599600
Sb  3.8353629800  5.0228034000  30.8991497200
Sb  6.4041917400  1.5896762600  31.5071555100
Sb -0.3171418600  4.2914847700  31.7732319700
Te  5.0441887100  6.4925160500  13.9266030500
Te  11.0093251200  2.7841540200  15.2659034000
Te  9.2102700100  6.3965777800  13.9793313400
Te  6.7870100000  3.0562196700  15.3089926600
Te  8.9775515400  2.6269791100  22.5498330500
Te  10.6350703800  6.2485385700  22.2703591100
Te  13.3729341600  2.7752047000  22.6006597200
Te  6.8646438000  6.8000802300  21.5138417400
Te  9.8098061200  0.1263666200  25.7656830700
Te  11.7305431600  5.1127169000  24.6553594100
Te  13.5511173600 -0.0391893800  25.0249658100
Te  7.3654880700  5.5450008900  24.4802459200
Te  11.3042227100  0.8572997500  19.2611750900
Te  13.2299875500  5.0522830000  18.8043490800
Te  15.7421083000  1.7749136700  19.0632279500
Te  9.0900935800  4.7793268400  18.5667331500
Te  8.9928812000  0.8894391800  32.5447538200
Te  10.7039492800  4.1123833600  31.1279095400
Te  12.8698475900  0.4949596500  31.0208756500
Te  6.4081261000  4.3049678000  32.3551036600
Te  7.6993091300  2.6384051800  28.4969469100
Te  9.6471073500  6.1444379000  27.5053451600
Te  12.2666797500  2.8542520900  27.1971472000
Te  5.4766596800  6.2471268900  28.4717808700
Sb  8.8957457200  2.2502429000  17.1388690900
Sb  11.1845651400  5.5563140400  15.8288458900
Sb  13.5613313500  2.4840337900  17.2151759700
Sb  7.0972051600  5.8568167100  15.8070122300
Sb  7.2924967500 -0.0270839800  27.0991687000
Sb  9.3715265500  3.7862811200  25.7263441000
Sb  12.0227403200 -1.3191960700  26.8936914400
Sb -2.1196311000  1.8019817500  27.6264007000
Sb  8.9431796800  0.2567191200  21.0149167200
Sb  11.0453465100  3.6213166100  20.6067350400
Sb  13.9221663800  0.6074752700  20.8008044900
Sb  6.9394470800  4.0725904000  20.5325802400
Sb  10.3537905800  1.4570254900  30.1258626300
Sb  11.9956116900  5.1854617900  28.8411690000
Sb  13.7221249400  0.5893593200  28.3225535600
Sb  7.9108527900  5.3448897700  29.8751761000
Cr  4.0610456300  2.6268633800  25.1743099400
INTERMEDIATE_IMAGE
ATOMIC_POSITIONS angstrom
Te  13.0644740000  6.5212942100  14.4425456800
Te  2.4965405600  3.5210782600  15.1314926600
Te  0.4158738600  6.8888501000  14.3311732200
Te  14.8206004200  4.5574950600  15.2738063100
Te -0.0117841900  4.1586163800  22.6208453300
Te  3.1184374400  6.4912542500  21.8773276100
Te  4.1687763100  2.5374035800  22.3141863700
Te  0.0998022600  6.6391876900  21.4992217500
Te  1.1756020900  1.5386120000  24.7599017300
Te  3.6977798700  4.8511525600  25.2159303300
Te  6.3812099500  1.4298100400  24.8851925900
Te -0.5017531100  5.2084586900  26.0987274900
Te  2.1733155900  1.1982745000  18.9317928500
Te  4.4765244100  4.8328828300  18.6382083000
Te  6.5734860300  0.8121087000  19.1540912200
Te -0.0911560100  5.1435667300  18.4658798800
Te  0.2952034800  0.4010399700  33.2598800400
Te  2.4853885300  3.7144492200  32.8213916400
Te  4.7166450500  0.1614248600  33.0000001200
Te -1.4748970700  2.4217496500  32.8757799500
Te -0.0293357400  1.9884965100  29.2314340000
Te  1.8505329500  6.0739911400  29.2282520800
Te  4.2423670900  2.6582893600  29.1131286300
Te -2.6058488000  5.2015243800  29.8936418700
Sb  0.0387130300  3.0233552500  16.5505776900
Sb  2.5761518500  6.2537763100  16.1150574000
Sb  4.3875456900  2.4189302900  17.1499339500
Sb -1.3911261300  5.4353929200  15.8654181600
Sb  1.0508858900  0.0848746600  27.1733168800
Sb  1.8373382000  3.9184031600  27.3291723800
Sb  3.8671751000  0.4533019500  27.1796823900
Sb  6.1242364300  4.1835204600  26.7742367500
Sb  13.2767477600  7.1225731700  21.1826516600
Sb  2.1440132600  3.9603847100  20.5801283900
Sb  4.1463065000  0.1818455000  20.6858983800
Sb  14.8389268000  4.7194250900  20.9672686700
Sb  2.5145257100  1.2155708900  31.5264785100
Sb  4.2113346500  5.1632784800  30.7902583200
Sb  6.5793311200  1.2827310200  31.1081594700
Sb -0.0207524800  4.3540080200  31.1631132900
Te  4.6139846200  7.0181242500  14.3233240000
Te  10.7238684300  3.4274683500  15.2321933500
Te  8.7583411200  7.0917232700  14.4305798300
Te  6.6246928900  3.4764249100  15.2072209000
Te  8.8126890600  2.7309126400  22.5506874600
Te  11.0152914300  6.2786117800  22.6301190000
Te  13.3214647500  2.7235865200  22.4105212000
Te  6.0065248800  6.3314715700  22.0790568500
Te  10.0545743300  0.3137352800  25.9685006800
Te  12.3964891800  5.1927925900  24.8469965400
Te  13.8062841800 -0.1215095200  25.5278906600
Te  8.0664457500  5.4742155900  25.0012631000
Te  11.0911684000  1.1467282200  19.0482663700
Te  13.0447282100  5.2023000800  18.7754865200
Te  15.5177810400  1.8424744400  18.7035825800
Te  8.7055680500  4.9978927300  18.8011732200
Te  8.9490390800  0.1357500500  32.2833848500
Te  10.9024273800  3.6358208500  31.6294947600
Te  13.0690714600  0.1876717500  31.4419523300
Te  6.6494195700  3.8177730700  32.3902498200
Te  8.3038941400  2.7489144500  28.6249063300
Te  10.4776360700  6.1433959900  28.1709176400
Te  13.0264612500  2.8530348700  27.7192739600
Te  6.1496510000  6.4023366200  28.7160574400
Sb  8.6887446600  2.6376255300  17.0959964400
Sb  10.7925220100  6.1089309800  16.1528422300
Sb  13.2965168600  2.8197286800  16.9555990900
Sb  6.6601297800  6.1915872800  16.1332460900
Sb  7.5175336000  0.2372278800  27.1993446200
Sb  10.1641106000  3.9516168800  26.2601024800
Sb  12.0776858900 -1.2783932400  27.2937049600
Sb -2.0730098300  3.5837166600  27.7220912600
Sb  8.8994479000  0.4137974900  20.9072668500
Sb  10.8898969500  3.8257159300  20.6264929600
Sb  13.7220800900  0.6625446600  20.4504836600
Sb  6.5226333600  3.9073755100  20.6551231100
Sb  10.6558983200  1.1192717700  30.2681939900
Sb  12.5614311500  4.8921002000  29.6898594700
Sb  14.0320625300  0.3512647700  28.7693623300
Sb  8.3596375200  5.1742272400  30.3190219200
Cr  3.7644692700  2.0991098800  24.9682206300
INTERMEDIATE_IMAGE
ATOMIC_POSITIONS angstrom
Te  13.1622276400  6.7671132600  14.5349802800
Te  2.2653716600  3.6616748000  15.2247092400
Te  0.2664237400  7.1633027400  14.7863465700
Te  14.8650353000  4.6891796300  15.1613054400
Te  0.4738115700  2.8287471900  22.8861169900
Te  3.1376141000  6.2739830600  21.7554731700
Te  4.5138861900  2.2466345200  22.2347035500
Te -1.4294068600  6.6014137200  27.0297377300
Te  2.0269103000  1.0455723300  24.7666459000
Te  4.0167664400  4.7026887200  24.8782399700
Te  6.2165705200  1.3113590800  25.2479112800
Te -0.2118234900  4.9260794400  24.8216349600
Te  2.3353523100  0.9901697600  18.7254975100
Te  4.4867645300  4.6926102300  18.5928956100
Te  6.7119651700  0.7441832200  18.7481418900
Te  0.2115901900  5.3043323300  18.8977146700
Te -0.0489611900  0.5949443600  32.8454088400
Te  2.2384706600  3.8377937000  32.2524183300
Te  4.2898943800  0.2755894600  32.6395501500
Te -1.8165872500  2.5939187400  31.9947286300
Te -0.2567024700  2.4786787500  28.6479834900
Te  1.8175440700  6.2707715600  28.5828551700
Te  4.1812112500  2.6882825800  28.8784356100
Te -3.2998919000  5.0266901700  30.3386467300
Sb -0.0026963200  3.2415255800  16.9623379900
Sb  2.6036363400  6.3573166300  16.2745136000
Sb  4.3658149500  2.3941791500  16.9459062800
Sb -1.3947834900  5.7436320300  16.4940966000
Sb  0.6097136200  0.0342665600  27.0864572400
Sb  1.7012482700  3.9917189900  26.8529568900
Sb  3.3563180600 -0.0543322800  27.6042766700
Sb  6.3375575400  4.1576862800  26.5402623000
Sb  13.5813524100  6.8176840300  21.2106421500
Sb  2.3535871400  3.6620311000  20.7325807800
Sb  4.3964546000  0.0536312100  20.4123708200
Sb  15.0001008600  4.3597294700  20.7350999200
Sb  2.1205752000  1.2400111100  31.0602778600
Sb  4.1282007400  5.3784324800  30.1614208000
Sb  6.3996872300  1.3076542700  30.9219285300
Sb -0.1167601100  4.6435902800  30.7976538200
Te  4.5968980500  7.0741642900  14.4262695300
Te  10.7769427100  3.6337275500  14.9836221200
Te  8.7348140200  7.3116376100  14.6130016300
Te  6.6505690900  3.6154558000  15.0535326100
Te  8.8345815500  2.3635422500  22.3504111000
Te  11.3660940800  5.9488291800  22.7046374300
Te  13.4511659400  2.3956736300  22.1692697700
Te  5.8972937800  6.0738934400  22.0357473100
Te  10.3541348900  0.6794659200  25.8640543100
Te  12.7002452100  4.7969699900  24.9274343200
Te  14.2552417800  0.5740788200  25.7393343900
Te  8.3815067600  5.1511608800  24.7152065000
Te  11.1297461100  1.0759020000  18.7469368900
Te  13.0831281200  5.0580847700  18.7131557700
Te  15.5261648300  1.6894643100  18.3372759700
Te  8.8401802200  4.9140603700  18.6823345600
Te  8.7457058200  0.2327028100  32.2525346500
Te  10.7430456800  3.7316342100  31.8165227600
Te  12.8955088000  0.2026531100  31.6139918400
Te  6.2805477000  3.8662203500  32.1669035400
Te  8.3075158100  2.8521459500  28.6740919200
Te  10.4723587400  6.3485757400  28.3720757200
Te  13.1703776400  3.1414411400  28.0848112000
Te  6.3122821100  6.5340513800  28.4949766600
Sb  8.7664825600  2.6915851400  16.8192926300
Sb  10.8416901300  6.2093543600  16.1751020400
Sb  13.2938479200  2.8524447400  16.6828864600
Sb  6.6521833800  6.2119961900  16.2323126300
Sb  7.9471105600  0.2689847600  27.2478644200
Sb  10.3758507200  4.0378776200  26.4861474400
Sb  12.4683993300 -0.8805058300  27.1632133400
Sb -2.6502649600  4.2725704400  27.7723670200
Sb  8.9496391200  0.1907439300  20.5396907300
Sb  10.9639358900  3.6293029800  20.5382931500
Sb  13.7474710500  0.4466272100  20.0629718600
Sb  6.5843092100  3.6604037200  20.4848292500
Sb  10.5631130400  1.2676049000  30.3653040700
Sb  12.4595804100  5.1312654200  30.0201040100
Sb  14.1131305100  0.5961588400  29.0953267100
Sb  8.2393832200  5.2665008100  30.4050887000
Cr  3.8797078600  2.3331760300  26.2460945000
INTERMEDIATE_IMAGE
ATOMIC_POSITIONS angstrom
Te  12.7759527200  6.5391936800  14.3643652100
Te  2.0965970500  3.8071894900  15.5712469500
Te  0.1720991300  7.2579018200  14.9462795100
Te  14.6003508100  4.6847082700  15.2579083700
Te  0.2420807800  2.6638091600  22.9855957700
Te  2.8160729800  6.3603566700  22.3510842400
Te  4.2926195700  2.4904570000  22.4509435600
Te  0.2400953900  7.1005275700  21.8147913800
Te  2.2397829900  0.9570184900  24.9741122900
Te  4.0544798100  4.9098243900  25.1008997200
Te  6.3453839000  1.1819365500  25.0134388100
Te -0.1207080500  4.8057438400  24.7209525500
Te  2.0114100300  1.2204646900  19.1374086600
Te  4.3174968500  4.9314843800  18.9411572300
Te  6.4263051900  0.7162285300  19.0121628300
Te -0.1448957900  5.5194827700  19.1730564600
Te -0.0889628700  0.6989629000  32.9437071100
Te  2.0896059000  3.8140740200  32.2264017500
Te  4.3717861100  0.2827194100  32.7894753800
Te -1.9034105400  2.4033412100  31.8600870500
Te -0.1130401200  2.0123452900  28.6052068700
Te  1.7571008000  6.1151749000  28.6651272900
Te  4.1697997900  2.6100526300  28.9131509100
Te -2.3868233500  5.3353528900  28.3315709500
Sb -0.2716459100  3.4018087700  17.1355322300
Sb  2.3946367900  6.4990014600  16.6128665400
Sb  4.1419650300  2.5821162700  17.3547265400
Sb -1.5884145600  5.8890141000  16.6042161500
Sb  1.0756680900 -0.3362089600  27.2643247300
Sb  1.9202852700  3.8748480100  26.8804490400
Sb  3.8612768000 -0.0927714600  27.5902854100
Sb  6.4392058100  4.1264948700  26.6933706600
Sb  13.6291419800  6.7726281700  21.3874012500
Sb  2.0782036800  3.8336639500  20.9036459200
Sb  4.1332735400  0.2229015500  20.7528542500
Sb  14.9373918500  4.2749594600  20.8565657300
Sb  2.1878652100  1.1697387600  31.1971955900
Sb  4.0462067600  5.2336605400  30.4374405700
Sb  6.4489071800  1.2678130600  31.0008564400
Sb -0.2811380000  4.4926990900  30.3962767300
Te  4.4179548700  7.1932864500  14.7735552500
Te  10.4832562900  3.5251946000  15.2479191100
Te  8.5453575400  7.2663145700  14.7833822000
Te  6.3979946700  3.6837451600  15.4543359600
Te  8.7458455900  2.4182288800  22.5089928200
Te  11.3842773500  5.9635346300  22.8706574100
Te  13.3889383700  2.3312315500  22.3273127400
Te  6.1050283700  6.1743750600  22.2911042200
Te  10.4536327400  0.9125107200  25.4474469600
Te  12.7438865800  4.7397982900  25.0220906200
Te  14.4379639400 -0.0486455200  25.2216501600
Te  8.3877673400  5.1105964100  24.7620200700
Te  10.9784437800  1.0668845500  18.9411559700
Te  13.0188885700  5.0692050600  18.8628946200
Te  15.3676882800  1.6411072800  18.4356862400
Te  8.7546951700  5.0043740800  18.9411881800
Te  8.8718341400  0.3626473100  32.3177293800
Te  10.8815972300  3.8020609300  31.7644562800
Te  13.0088558000  0.1020052800  31.6027680200
Te  6.3093267900  3.8760819800  32.1607717000
Te  8.3556217600  2.7229655000  28.6921920900
Te  10.4465513400  6.3930589300  28.3316695100
Te  13.1575846100  2.9870504100  28.1323037700
Te  6.2409508100  6.4138240200  28.5204559200
Sb  8.5312746600  2.7127862300  17.1954802200
Sb  10.6641065600  6.1538693400  16.3027471200
Sb  13.0917919200  2.8366138000  16.8543352400
Sb  6.4938610200  6.3255434800  16.5401284300
Sb  8.1840754100  0.2855517500  26.9459867500
Sb  10.3914639900  3.9842550300  26.5195788700
Sb  12.6202237100 -0.3754218400  27.0943501300
Sb -1.8279219400  3.3384577600  26.5550825500
Sb  8.7450883700  0.2175203100  20.7128045200
Sb  10.8986883200  3.6438540800  20.7032661100
Sb  13.6275240900  0.3984069100  20.2002593900
Sb  6.4695864200  3.8501260200  20.8135616300
Sb  10.6817797800  1.3216136900  30.3643383900
Sb  12.5049037900  5.2003081100  29.8863480200
Sb  14.4096506600  0.6563879600  29.3059937100
Sb  8.2718591900  5.2601458600  30.3209559200
Cr  4.2397543100  2.3439255800  26.1927878900
LAST_IMAGE
ATOMIC_POSITIONS angstrom
Te  12.8982048800  7.4375355200  14.9690312300
Te  2.1978913100  3.7336056700  14.9767989400
Te  0.0632071800  7.4356113100  14.9767988100
Te  15.0304047800  3.7343417700  14.9779105400
Te  0.0724021200  2.5258509100  22.2734735900
Te  2.2219072800  6.2139128000  22.2617997800
Te  4.3522733500  2.5096607900  22.2499653400
Te -2.0468069900  6.2010170800  22.2734753100
Te  2.1776979600  1.2557256500  24.9926365800
Te  4.2988726500  4.8901621300  25.0995441200
Te  6.3858008900  1.2709793100  25.0995454300
Te  0.0071908000  4.9368291200  25.0885331600
Te  2.2094303400  1.2740321100  18.6090747400
Te  4.3450760800  4.9738724600  18.6096594200
Te  6.4813970300  1.2690296100  18.6096595600
Te  0.0638330900  4.9695006800  18.6068863300
Te -0.0241985700 -0.0139636200  32.4871970900
Te  2.1591748900  3.7386736600  32.4661694300
Te  4.3173759700 -0.0041099000  32.4661683600
Te -2.1042128500  3.7193200900  32.4395471000
Te  0.0501639400  2.4658617400  28.7989561700
Te  2.2341004400  6.2209421500  28.8813725700
Te  4.3477794600  2.5070682600  29.0982449200
Te -2.1098651200  6.2118109200  28.7989582100
Sb  0.0677619200  2.5014921400  16.6690325000
Sb  2.2084548100  6.2061626900  16.6696576300
Sb  4.3398349300  2.5024970500  16.6723399100
Sb -2.0702174700  6.2092127100  16.6690315700
Sb  0.0906923300  0.0522907300  26.7447185900
Sb  2.0141667600  3.8501279700  26.9921426900
Sb  4.3411793200 -0.1854338600  26.9921456000
Sb  6.4269459400  3.7059891100  26.7645167700
Sb  12.8969335700  7.4367948100  20.5530045400
Sb  2.2068656500  3.7442219200  20.5612973600
Sb  4.3460567900  0.0344034600  20.5612984400
Sb  15.0512935900  3.7463793400  20.5749406400
Sb  2.1384712700  1.2331020100  30.8014448900
Sb  4.3408970000  4.9975443600  30.8356354800
Sb  6.4997981600  1.2535425100  30.8356334700
Sb  0.0101786000  4.9385480300  30.7864639000
Te  4.3394663900  7.4349723800  14.9770374400
Te  10.7513654400  3.7357888800  14.9729156200
Te  8.6189829500  7.4338024700  14.9729156200
Te  6.4764798200  3.7345549100  14.9774843600
Te  8.6218332300  2.5141324100  22.2645382500
Te  10.7868074600  6.2200235300  22.2586157400
Te  12.9012742100  2.5066038100  22.2555185200
Te  6.4949110500  6.2026724200  22.2645385100
Te  10.6892028000  1.2310556500  25.1277632100
Te  12.8878044000  4.9419250400  25.1197868600
Te  15.0022536800  1.2750105300  25.1197868000
Te  8.7247602100  5.0309845900  25.0423129300
Te  10.7577249800  1.2705665500  18.6137252500
Te  12.8944372500  4.9743395000  18.6146254400
Te  15.0336267000  1.2645218500  18.6146257200
Te  8.6238401900  4.9727886700  18.6039842600
Te  8.7294908800  0.1010146000  32.5607620700
Te  10.7255921900  3.7361202400  32.3975026200
Te  12.8755297900  0.0076632200  32.3974997700
Te  6.4935413500  3.7443789800  32.4544272000
Te  8.5598542200  2.4720409700  28.7712321800
Te  10.7304368600  6.1875159300  28.7778888200
Te  12.8885246100  2.4992501500  28.7800423900
Te  6.4274348900  6.1701165200  28.7712340000
Sb  8.6192940300  2.5052554100  16.6683495700
Sb  10.7691285000  6.2098370000  16.6736163700
Sb  12.8914839600  2.5009666900  16.6548242200
Sb  6.4859541400  6.2049291800  16.6683495200
Sb  8.5724118700  0.0104455000  26.8282500400
Sb  10.7090394300  3.7347964900  26.7950733100
Sb  12.8660832600 -0.0059871100  26.7950734200
Sb -2.1436413600  3.6965895000  26.8333492800
Sb  8.6207602900  0.0383228800  20.5665890100
Sb  10.7626860100  3.7392327800  20.5598130500
Sb  12.8968002300  0.0382177700  20.5598140600
Sb  6.4896713800  3.7421571200  20.5567561500
Sb  10.6992779300  1.2368586300  30.7170154100
Sb  12.8375790500  4.9447323600  30.7512878700
Sb  14.9795291600  1.2301332100  30.7512840500
Sb  8.6176652100  4.9692221600  30.6512471500
Cr  4.0483479300  2.3343998800  26.6037158300
END_POSITIONS
END_ENGINE_INPUT
END
