BEGIN
BEGIN_PATH_INPUT
&PATH
  string_method = 'neb',
  restart_mode = 'from_scratch',
  nstep_path = 1000,
  num_of_images = 5,
  opt_scheme = 'broyden',
  CI_scheme = 'auto',
  first_last_opt = .false.,
  minimum_image = .true.,
  ds = 0.2,
  k_min = 0.1,
  k_max = 0.3,
  path_thr = 0.03,
/
END_PATH_INPUT
BEGIN_ENGINE_INPUT
&CONTROL
  etot_conv_thr =   1.0000000000d-04
  forc_conv_thr =   1.0000000000d-03
  outdir = './out/'
  prefix = 'v-sb2te3'
  pseudo_dir = '/data/pclancy3/yi/cyqe/data/pseudos/ONCVPseudoPack/SG15_v1.2/UPF/PBE'
  verbosity = 'high'
/
&SYSTEM
  vdw_corr = 'DFT-D3'
  degauss =   1.4699723600d-02
  ecutrho =   400
  ecutwfc =   100
  ibrav = 0
  nat = 81
  ntyp = 3
  occupations = 'smearing'
  smearing = 'cold'
/
&ELECTRONS
  conv_thr =   1.0000000000d-06
  electron_maxstep = 2000
  mixing_beta =   0.4
/
ATOMIC_SPECIES
  Sb  121.76000  Sb_PBE_FR.SG15v1.2.UPF
  Te  127.60000  Te_PBE_FR.SG15v1.2.UPF
  V   50.9420    V_PBE_FR.SG15v1.2.UPF
K_POINTS AUTOMATIC
1 1 1 1 1 1
CELL_PARAMETERS angstrom
  17.10860000000000 0.00000000000000 0.00000000000000
  -4.26915486971149 7.40364114749078 0.00000000000000
  0.08956706398631 0.05164697474735 47.42888730859125
BEGIN_POSITIONS
FIRST_IMAGE
ATOMIC_POSITIONS angstrom
Te  12.8408135800  7.4046394200  14.9686874700
Te  2.1455271000  3.7029808400  14.9698641800
Te  0.0112224900  7.4060742000  14.9693690100
Te  14.9740635800  3.7018188600  14.9690012900
Te  0.0664754400  2.4995948100  22.3382508900
Te  2.2098930300  6.2066615300  22.3491969600
Te  4.3372458300  2.5014843800  22.3359987500
Te -2.0725103700  6.2090449300  22.3365999200
Te  2.1912299800  1.2648265500  25.0952931900
Te  4.3019523400  4.9578043100  25.0750579200
Te  6.4476111200  1.2433925300  25.0893085200
Te  0.0205518600  4.9435152200  25.0840044900
Te  2.1789155300  1.2564194400  18.6450413900
Te  4.3235308900  4.9599705000  18.6453959600
Te  6.4592930200  1.2577579700  18.6443894800
Te  0.0444104000  4.9585468600  18.6488260300
Te  0.0691362900  0.0382740800  32.4639212900
Te  2.2271385500  3.7284823300  32.4679908600
Te  4.3334868700  0.0541436700  32.4743517400
Te -2.0410942600  3.7581035500  32.4672008700
Te  0.0551782400  2.4990020700  28.7906796400
Te  2.2091285600  6.2125945600  28.7813166000
Te  4.2295122500  2.4344590400  28.7336624400
Te -2.0878991300  6.1943926000  28.7970055500
Sb  0.0310931400  2.4808285200  16.6936297900
Sb  2.1769338400  6.1884502100  16.6930365700
Sb  4.3082774300  2.4838481900  16.6914666700
Sb -2.1064721300  6.1875827200  16.6944984200
Sb  0.0324821500  0.0192643300  26.8015275000
Sb  2.1720173200  3.7280985400  26.8162382700
Sb  4.3114475400  0.0091424500  26.8158491600
Sb  6.4655396000  3.7357027400  26.7351572400
Sb  12.8811102000  7.4282447400  20.6039005000
Sb  2.1773243100  3.7201089000  20.6047158500
Sb  4.3091622900  0.0200092200  20.6026138600
Sb  15.0102908500  3.7221412000  20.6058114700
Sb  2.1912196700  1.2637433500  30.7317807500
Sb  4.2626361700  5.0260976600  30.7829345900
Sb  6.4825175500  1.1739422600  30.7993741000
Sb  0.0600146700  4.9668219100  30.7289157300
Te  4.2846894800  7.4035237300  14.9684271700
Te  10.6988369300  3.7039325000  14.9691616900
Te  8.5637963600  7.4036334900  14.9678482700
Te  6.4206325500  3.7022255100  14.9673318800
Te  8.6173961400  2.5048212700  22.3335769300
Te  10.7540914400  6.2007491000  22.3432154800
Te  12.8964029200  2.5042086100  22.3373117000
Te  6.4844463500  6.2033941600  22.3336039100
Te  10.7264138500  1.2514976300  25.0958357800
Te  12.8767953500  4.9744884300  25.0917553200
Te  15.0220678100  1.2475905100  25.0917132600
Te  8.6157338300  4.9684968600  25.0924496600
Te  10.7333622700  1.2566419900  18.6424441100
Te  12.8780383500  4.9591815100  18.6427754000
Te  15.0114347000  1.2575580700  18.6440763200
Te  8.6044181800  4.9615337800  18.6387086000
Te  8.7045406500  0.0829012700  32.5046718100
Te  10.7720732600  3.7373187800  32.4802241500
Te  12.9051336500  0.0517290800  32.4784945700
Te  6.5408229200  3.7727112300  32.5074758000
Te  8.6929572400  2.4579269100  28.7473266900
Te  10.7585533500  6.2034332000  28.7847523900
Te  12.8816431900  2.4952494700  28.7913992500
Te  6.4923213300  6.2945624700  28.7565121200
Sb  8.5834895700  2.4852100100  16.6972476300
Sb  10.7211787600  6.1824024400  16.6973959600
Sb  12.8632645000  2.4844125700  16.6939257500
Sb  6.4502752500  6.1837472700  16.6955847500
Sb  8.5908900000  0.0143681600  26.7997398800
Sb  10.7466604600  3.7303141700  26.8258525200
Sb  12.8854096100  0.0317893500  26.8261397900
Sb -2.0777795300  3.7338788900  26.8108338600
Sb  8.5923058000  0.0214601300  20.6037401100
Sb  10.7330266100  3.7251782900  20.6062556900
Sb  12.8701707800  0.0197726200  20.6068192500
Sb  6.4561399700  3.7232294900  20.6038041700
Sb  10.7663965300  1.2787375200  30.7566156800
Sb  12.9070936200  4.9758650400  30.7438443700
Sb  15.0430504500  1.2755271000  30.7423025800
Sb  8.7302477900  5.0326849700  30.7709602000
V   6.4049108400  3.6888525000  29.6783569600
INTERMEDIATE_IMAGE
ATOMIC_POSITIONS angstrom
Te  12.8405298700  7.4038841300  14.9678014600
Te  2.1451875500  3.7029109100  14.9683241900
Te  0.0109341000  7.4054948100  14.9678046500
Te  14.9744291400  3.7018306600  14.9686531100
Te  0.0625681500  2.5008519700  22.3395176800
Te  2.2062219100  6.2043615900  22.3421595100
Te  4.3374737000  2.5006330800  22.3361328200
Te -2.0732249000  6.2057912600  22.3389605700
Te  2.1805672100  1.2616907400  25.0920305800
Te  4.3015592500  4.9613226600  25.0751692800
Te  6.4500413400  1.2390188800  25.0776193500
Te  0.0111469900  4.9424088900  25.0529666400
Te  2.1780604900  1.2556757900  18.6444546000
Te  4.3221908800  4.9592182600  18.6450707100
Te  6.4577785300  1.2566408300  18.6444329500
Te  0.0438978800  4.9578388600  18.6469882400
Te  0.0722341400  0.0407623900  32.4678011400
Te  2.1993640300  3.7470497100  32.4770809800
Te  4.3378925300  0.0226747000  32.4820470400
Te -2.0465880200  3.7532629600  32.4605475700
Te  0.0505294200  2.4980589500  28.7856194400
Te  2.1898673300  6.2060247000  28.7692718800
Te  4.2120141000  2.4281165200  28.6575843800
Te -2.0848498400  6.1951747500  28.7885186700
Sb  0.0308625700  2.4821162200  16.6929743500
Sb  2.1761390800  6.1878781600  16.6921815200
Sb  4.3086195200  2.4840294000  16.6910299200
Sb -2.1051961700  6.1872285500  16.6940633200
Sb  0.0382717600  0.0227131700  26.8058819600
Sb  2.1520881500  3.7455994700  26.7920470100
Sb  4.3135182400 -0.0081830500  26.7904841500
Sb  6.4759429900  3.7330716800  26.7491911800
Sb  12.8798180700  7.4273284500  20.6037054700
Sb  2.1785911100  3.7222997500  20.6051499500
Sb  4.3117152000  0.0202977200  20.6034418600
Sb  15.0119106200  3.7235429000  20.6064145500
Sb  2.1803460800  1.2576665800  30.7501620500
Sb  4.1965540300  5.1445995900  30.7569823300
Sb  6.5579459500  1.0598440900  30.7783059200
Sb  0.0475296700  4.9593766300  30.7471969900
Te  4.2833769300  7.4026508300  14.9677202800
Te  10.6976798000  3.7028167000  14.9686550600
Te  8.5627265300  7.4035235400  14.9679850400
Te  6.4200307300  3.7018747400  14.9675123900
Te  8.6168183400  2.5029862200  22.3336225600
Te  10.7560207800  6.2018637800  22.3404628700
Te  12.8951955600  2.5035643700  22.3365483600
Te  6.4826634000  6.2034895500  22.3335929900
Te  10.7265218700  1.2518597200  25.0949951500
Te  12.8801308300  4.9640124600  25.0829575100
Te  15.0102833900  1.2538549800  25.0889427200
Te  8.6033226300  4.9612763400  25.0919623800
Te  10.7341337700  1.2569553800  18.6416908300
Te  12.8769757200  4.9591618800  18.6425118900
Te  15.0112495000  1.2570361300  18.6438565700
Te  8.6010433600  4.9596669100  18.6403935600
Te  8.6969485800  0.0722452600  32.5304767200
Te  10.7840186600  3.7479779500  32.4705022100
Te  12.9227512300  0.0490980700  32.4720505000
Te  6.6137827800  3.8291898400  32.6530570900
Te  8.6562900500  2.4855053200  28.7614930300
Te  10.7528137500  6.1996757000  28.7887318400
Te  12.8859507300  2.4973913900  28.7876791700
Te  6.4895119200  6.2387012800  28.7665088800
Sb  8.5844802000  2.4841360300  16.6963291900
Sb  10.7246172200  6.1840734300  16.6962728500
Sb  12.8612379800  2.4834051500  16.6942861200
Sb  6.4505486600  6.1854091500  16.6957224400
Sb  8.6060759000  0.0286268100  26.8013682500
Sb  10.7449631000  3.7255471800  26.8274279600
Sb  12.8742783000  0.0301357300  26.8342216800
Sb -2.0777420400  3.7356544900  26.8048840300
Sb  8.5923951700  0.0215854300  20.6032060500
Sb  10.7349660300  3.7246398500  20.6063604100
Sb  12.8702579100  0.0214842800  20.6063160800
Sb  6.4576729400  3.7237968700  20.6039882400
Sb  10.7835617700  1.2796596800  30.7352411400
Sb  12.9040178200  4.9710509300  30.7438814500
Sb  15.0373017000  1.2731806800  30.7417208600
Sb  8.6905553400  5.0079971700  30.7584155900
V   5.9289771600  3.4165271900  30.1963687500
INTERMEDIATE_IMAGE
ATOMIC_POSITIONS angstrom
Te  12.8402461700  7.4031288500  14.9669154400
Te  2.1448480000  3.7028409900  14.9667841900
Te  0.0106457100  7.4049154300  14.9662403000
Te  14.9747947000  3.7018424600  14.9683049300
Te  0.0586608600  2.5021091300  22.3407844800
Te  2.2025507800  6.2020616400  22.3351220600
Te  4.3377015700  2.4997817900  22.3362669000
Te -2.0739394200  6.2025376000  22.3413212200
Te  2.1699044500  1.2585549300  25.0887679700
Te  4.3011661600  4.9648410100  25.0752806500
Te  6.4524715700  1.2346452200  25.0659301900
Te  0.0017421200  4.9413025700  25.0219287900
Te  2.1772054600  1.2549321500  18.6438678100
Te  4.3208508800  4.9584660100  18.6447454600
Te  6.4562640400  1.2555236900  18.6444764200
Te  0.0433853600  4.9571308700  18.6451504600
Te  0.0753319800  0.0432507100  32.4716809900
Te  2.1715895000  3.7656170800  32.4861710900
Te  4.3422981900 -0.0087942600  32.4897423300
Te -2.0520817800  3.7484223600  32.4538942700
Te  0.0458806100  2.4971158200  28.7805592500
Te  2.1706061100  6.1994548300  28.7572271600
Te  4.1945159600  2.4217740000  28.5815063100
Te -2.0818005600  6.1959568900  28.7800317900
Sb  0.0306320100  2.4834039100  16.6923189200
Sb  2.1753443200  6.1873061100  16.6913264700
Sb  4.3089616000  2.4842106100  16.6905931700
Sb -2.1039202000  6.1868743900  16.6936282200
Sb  0.0440613600  0.0261620100  26.8102364200
Sb  2.1321589700  3.7631004000  26.7678557400
Sb  4.3155889500 -0.0255085600  26.7651191400
Sb  6.4863463800  3.7304406100  26.7632251100
Sb  12.8785259500  7.4264121600  20.6035104300
Sb  2.1798579200  3.7244906000  20.6055840600
Sb  4.3142681100  0.0205862100  20.6042698700
Sb  15.0135303900  3.7249446000  20.6070176200
Sb  2.1694724900  1.2515898100  30.7685433600
Sb  4.1304718800  5.2631015200  30.7310300700
Sb  6.6333743500  0.9457459200  30.7572377400
Sb  0.0350446800  4.9519313400  30.7654782400
Te  4.2820643800  7.4017779200  14.9670134000
Te  10.6965226800  3.7017009000  14.9681484200
Te  8.5616567000  7.4034135900  14.9681218100
Te  6.4194289000  3.7015239800  14.9676929000
Te  8.6162405400  2.5011511700  22.3336681800
Te  10.7579501300  6.2029784600  22.3377102600
Te  12.8939882000  2.5029201400  22.3357850200
Te  6.4808804600  6.2035849300  22.3335820800
Te  10.7266298900  1.2522218200  25.0941545100
Te  12.8834663100  4.9535364900  25.0741597000
Te  14.9984989700  1.2601194400  25.0861721900
Te  8.5909114300  4.9540558200  25.0914750900
Te  10.7349052600  1.2572687700  18.6409375400
Te  12.8759130800  4.9591422500  18.6422483800
Te  15.0110643000  1.2565141800  18.6436368300
Te  8.5976685500  4.9578000400  18.6420785200
Te  8.6893565100  0.0615892500  32.5562816300
Te  10.7959640500  3.7586371200  32.4607802700
Te  12.9403688100  0.0464670700  32.4656064300
Te  6.6867426500  3.8856684500  32.7986383900
Te  8.6196228600  2.5130837300  28.7756593700
Te  10.7470741400  6.1959182000  28.7927112800
Te  12.8902582700  2.4995333100  28.7839591000
Te  6.4867025100  6.1828400800  28.7765056400
Sb  8.5854708400  2.4830620400  16.6954107500
Sb  10.7280556700  6.1857444100  16.6951497400
Sb  12.8592114600  2.4823977300  16.6946464900
Sb  6.4508220600  6.1870710400  16.6958601400
Sb  8.6212617900  0.0428854700  26.8029966200
Sb  10.7432657400  3.7207801800  26.8290033900
Sb  12.8631469900  0.0284821100  26.8423035600
Sb -2.0777045400  3.7374300900  26.7989342000
Sb  8.5924845400  0.0217107200  20.6026719800
Sb  10.7369054500  3.7241014100  20.6064651300
Sb  12.8703450500  0.0231959300  20.6058129200
Sb  6.4592059100  3.7243642400  20.6041723200
Sb  10.8007270100  1.2805818300  30.7138666100
Sb  12.9009420200  4.9662368300  30.7439185300
Sb  15.0315529400  1.2708342500  30.7411391500
Sb  8.6508629000  4.9833093700  30.7458709800
V   5.4530434700  3.1442018800  30.7143805400
INTERMEDIATE_IMAGE
ATOMIC_POSITIONS angstrom
Te  12.8406514500  7.4038506700  14.9676008200
Te  2.1440141100  3.7015116800  14.9667418500
Te  0.0087631400  7.4049527000  14.9664702300
Te  14.9748937700  3.7021123800  14.9684774700
Te  0.0607718700  2.5008138200  22.3426246600
Te  2.2031951000  6.2027709800  22.3362975600
Te  4.3382204800  2.5008137400  22.3373141100
Te -2.0741499000  6.2042498500  22.3428929800
Te  2.1671759700  1.2533231900  25.0782066600
Te  4.3050113700  4.9631906300  25.0799873300
Te  6.4525259200  1.2392515900  25.0753117900
Te  0.0191351200  4.9475267600  25.0542002500
Te  2.1783937300  1.2558717100  18.6437198300
Te  4.3206005700  4.9596919900  18.6431290700
Te  6.4570333200  1.2548177800  18.6429945500
Te  0.0434052400  4.9574255400  18.6456080400
Te  0.0780352900  0.0449027700  32.4794567600
Te  2.1810240100  3.7631031300  32.5209046800
Te  4.3471513000  0.0016047300  32.5226889300
Te -2.0429376900  3.7541778400  32.4558515300
Te  0.0348613600  2.5058829400  28.7724308900
Te  2.1690752900  6.1910085500  28.7637201400
Te  4.2553449700  2.4553096500  28.6691804500
Te -2.0813138000  6.1802781200  28.7721662000
Sb  0.0315385000  2.4835716000  16.6934603100
Sb  2.1769682500  6.1881202800  16.6933660100
Sb  4.3082070500  2.4840138700  16.6899825000
Sb -2.1035939000  6.1872017900  16.6941157800
Sb  0.0345693000  0.0203117200  26.7946381900
Sb  2.1513251400  3.7531540400  26.7853988200
Sb  4.3212713400 -0.0110391000  26.7840303200
Sb  6.4833557500  3.7336155600  26.7828538500
Sb  12.8780215200  7.4260025700  20.6032131400
Sb  2.1799186800  3.7242462100  20.6063966800
Sb  4.3146861200  0.0209095000  20.6057394500
Sb  15.0133524700  3.7246698500  20.6059651300
Sb  2.1238841000  1.2250005300  30.7035967200
Sb  4.2398309400  5.1933582000  30.7101066900
Sb  6.6232167000  1.0716569900  30.7232102700
Sb  0.0357201500  4.9528023200  30.7243236300
Te  4.2828102000  7.4022524500  14.9671030500
Te  10.6966037200  3.7021253500  14.9682444800
Te  8.5622436500  7.4032652000  14.9682313200
Te  6.4205191600  3.7022173800  14.9680368200
Te  8.6157983200  2.5035937300  22.3354208200
Te  10.7584884600  6.2034901500  22.3363106600
Te  12.8931519500  2.5021794300  22.3359939200
Te  6.4827716100  6.2023531800  22.3353777300
Te  10.7216268400  1.2495501200  25.0872428800
Te  12.8742271600  4.9524083500  25.0810565200
Te  14.9987077300  1.2553532800  25.0870630200
Te  8.5909072600  4.9539311500  25.0963572500
Te  10.7338151600  1.2567096400  18.6433990100
Te  12.8761901500  4.9593094600  18.6439783400
Te  15.0114145900  1.2564610000  18.6446726600
Te  8.5971732500  4.9574619400  18.6411968100
Te  8.6888485300  0.0694394000  32.5431559500
Te  10.7874593700  3.7557343500  32.4614490400
Te  12.9285433700  0.0459766500  32.4638612900
Te  6.6254462800  3.8353851800  32.6820632100
Te  8.6156268500  2.5097602300  28.7794538600
Te  10.7513176000  6.1989655100  28.7885404900
Te  12.8946075500  2.5024052600  28.7776051800
Te  6.4849219300  6.1902710500  28.7798766900
Sb  8.5839272000  2.4834329500  16.6966451000
Sb  10.7279403000  6.1858786900  16.6935358000
Sb  12.8611705500  2.4835049100  16.6931357700
Sb  6.4498622400  6.1853974000  16.6968695000
Sb  8.6130851400  0.0360349100  26.8068615400
Sb  10.7469850900  3.7235732900  26.8254232000
Sb  12.8713944800  0.0314045600  26.8320743700
Sb -2.0711580200  3.7397992700  26.8241723800
Sb  8.5924219700  0.0218277800  20.6032499800
Sb  10.7361302600  3.7252071500  20.6064117400
Sb  12.8711355700  0.0221161500  20.6060857100
Sb  6.4594375200  3.7246090400  20.6050779700
Sb  10.7793916500  1.2756697600  30.7256688300
Sb  12.8951711900  4.9650549200  30.7465149200
Sb  15.0267989900  1.2681178000  30.7451233900
Sb  8.6477623600  4.9840511300  30.7303900300
V   4.9187963600  2.8362370900  31.1193308300
LAST_IMAGE
ATOMIC_POSITIONS angstrom
Te  12.8410567400  7.4045725000  14.9682862100
Te  2.1431802300  3.7001823700  14.9666995100
Te  0.0068805800  7.4049899700  14.9667001700
Te  14.9749928400  3.7023823000  14.9686500000
Te  0.0628828800  2.4995185200  22.3444648400
Te  2.2038394200  6.2034803300  22.3374730600
Te  4.3387394000  2.5018457000  22.3383613200
Te -2.0743603900  6.2059620900  22.3444647300
Te  2.1644475000  1.2480914600  25.0676453500
Te  4.3088565800  4.9615402600  25.0846940200
Te  6.4525802700  1.2438579600  25.0846933900
Te  0.0365281200  4.9537509500  25.0864717100
Te  2.1795820000  1.2568112800  18.6435718400
Te  4.3203502700  4.9609179700  18.6415126700
Te  6.4578026000  1.2541118800  18.6415126800
Te  0.0434251200  4.9577202200  18.6460656200
Te  0.0807386000  0.0465548300  32.4872325200
Te  2.1904585100  3.7605891800  32.5556382700
Te  4.3520044000  0.0120037300  32.5556355300
Te -2.0337936100  3.7599333200  32.4578087900
Te  0.0238421200  2.5146500500  28.7643025200
Te  2.1675444700  6.1825622600  28.7702131100
Te  4.3161739800  2.4888453000  28.7568545900
Te -2.0808270300  6.1645993400  28.7643006000
Sb  0.0324449900  2.4837392800  16.6946017000
Sb  2.1785921700  6.1889344600  16.6954055500
Sb  4.3074524900  2.4838171300  16.6893718300
Sb -2.1032676000  6.1875291900  16.6946033500
Sb  0.0250772300  0.0144614300  26.7790399600
Sb  2.1704913000  3.7432076800  26.8029418900
Sb  4.3269537400  0.0034303600  26.8029415100
Sb  6.4803651200  3.7367905200  26.8024826000
Sb  12.8775171000  7.4255929900  20.6029158400
Sb  2.1799794500  3.7240018300  20.6072093100
Sb  4.3151041400  0.0212327900  20.6072090300
Sb  15.0131745400  3.7243951000  20.6049126300
Sb  2.0782957100  1.1984112500  30.6386500800
Sb  4.3491900000  5.1236148900  30.6891833200
Sb  6.6130590600  1.1975680600  30.6891828000
Sb  0.0363956200  4.9536733100  30.6831690200
Te  4.2835560200  7.4027269700  14.9671926900
Te  10.6966847700  3.7025498100  14.9683405400
Te  8.5628306100  7.4031168200  14.9683408200
Te  6.4216094200  3.7029107900  14.9683807300
Te  8.6153561100  2.5060362900  22.3371734600
Te  10.7590268000  6.2040018400  22.3349110500
Te  12.8923157100  2.5014387100  22.3362028100
Te  6.4846627700  6.2011214200  22.3371733900
Te  10.7166237800  1.2468784200  25.0803312400
Te  12.8649880100  4.9512802100  25.0879533400
Te  14.9989164900  1.2505871200  25.0879538500
Te  8.5909030900  4.9538064800  25.1012394000
Te  10.7327250700  1.2561505100  18.6458604900
Te  12.8764672300  4.9594766600  18.6457083100
Te  15.0117648800  1.2564078200  18.6457084800
Te  8.5966779600  4.9571238300  18.6403151100
Te  8.6883405500  0.0772895500  32.5300302600
Te  10.7789546900  3.7528315900  32.4621178200
Te  12.9167179300  0.0454862300  32.4621161600
Te  6.5641499000  3.7851019100  32.5654880400
Te  8.6116308500  2.5064367300  28.7832483600
Te  10.7555610600  6.2020128200  28.7843696900
Te  12.8989568200  2.5052772000  28.7712512600
Te  6.4831413400  6.1977020100  28.7832477400
Sb  8.5823835700  2.4838038700  16.6978794500
Sb  10.7278249400  6.1860129600  16.6919218600
Sb  12.8631296500  2.4846120800  16.6916250500
Sb  6.4489024200  6.1837237700  16.6978788500
Sb  8.6049085000  0.0291843500  26.8107264600
Sb  10.7507044400  3.7263664000  26.8218430100
Sb  12.8796419600  0.0343270000  26.8218451800
Sb -2.0646115100  3.7421684500  26.8494105600
Sb  8.5923594000  0.0219448500  20.6038279700
Sb  10.7353550700  3.7263128900  20.6063583600
Sb  12.8719260900  0.0210363600  20.6063585000
Sb  6.4596691300  3.7248538400  20.6059836100
Sb  10.7580562800  1.2707576800  30.7374710400
Sb  12.8894003600  4.9638730200  30.7491113000
Sb  15.0220450300  1.2654013500  30.7491076300
Sb  8.6446618200  4.9847929000  30.7149090900
V   4.3845492600  2.5282723100  31.5242811200
END_POSITIONS
END_ENGINE_INPUT
END
